0.000000000000e+00 5.000000000000e-03 1.000000000000e-02 1.335063241419e-05 1.295771632833e-05 9.223728781076e-06 2.477003369510e-05
1.000000000000e-02 1.500000000000e-02 2.000000000000e-02 7.883854959908e-04 1.862989734717e-04 4.154467645056e-05 1.096710668711e-04
2.000000000000e-02 2.500000000000e-02 3.000000000000e-02 1.607476819016e-03 2.936541388292e-04 7.369631279168e-05 2.068646115028e-04
3.000000000000e-02 3.500000000000e-02 4.000000000000e-02 2.312284755204e-03 4.144338930874e-04 1.108875636022e-04 2.846817038127e-04
4.000000000000e-02 4.500000000000e-02 5.000000000000e-02 3.028549093740e-03 5.702220794268e-04 1.461295458184e-04 3.339226429753e-04
5.000000000000e-02 5.500000000000e-02 6.000000000000e-02 4.901270712011e-03 9.307101381147e-04 2.206806952550e-04 4.084032639589e-04
6.000000000000e-02 6.500000000000e-02 7.000000000000e-02 1.103130129713e-02 1.458865777916e-03 3.328063616260e-04 5.212751060315e-04
7.000000000000e-02 7.500000000000e-02 8.000000000000e-02 1.200281150704e-02 1.727382000510e-03 3.943046580799e-04 5.318501475522e-04
8.000000000000e-02 8.500000000000e-02 9.000000000000e-02 1.189775418765e-02 1.753108133608e-03 4.296483513244e-04 5.074430177497e-04
9.000000000000e-02 9.500000000000e-02 1.000000000000e-01 1.210289177923e-02 1.733801389713e-03 4.593441016972e-04 4.893466078530e-04
1.000000000000e-01 1.050000000000e-01 1.100000000000e-01 1.359093731819e-02 1.839724413236e-03 4.937508341921e-04 4.812594577202e-04
1.100000000000e-01 1.150000000000e-01 1.200000000000e-01 1.645944292120e-02 2.072136782792e-03 5.395596970420e-04 4.716556277529e-04
1.200000000000e-01 1.250000000000e-01 1.300000000000e-01 1.759807716245e-02 2.171660804380e-03 5.717553367465e-04 4.587570857670e-04
1.300000000000e-01 1.350000000000e-01 1.400000000000e-01 1.774046064030e-02 2.154950809569e-03 5.969010561883e-04 4.475921046188e-04
1.400000000000e-01 1.450000000000e-01 1.500000000000e-01 1.834076105589e-02 2.233104984524e-03 6.326645862686e-04 4.906105998036e-04
1.500000000000e-01 1.550000000000e-01 1.600000000000e-01 2.038097548027e-02 3.174133527237e-03 7.845711217074e-04 6.424220810160e-04
1.600000000000e-01 1.650000000000e-01 1.700000000000e-01 2.384495975263e-02 4.816964403315e-03 1.037224353401e-03 8.896596455280e-04
1.700000000000e-01 1.750000000000e-01 1.800000000000e-01 2.597634070061e-02 5.577831052493e-03 1.133396620916e-03 1.062389388404e-03
1.800000000000e-01 1.850000000000e-01 1.900000000000e-01 2.638636203333e-02 5.540394148012e-03 1.148337206839e-03 1.106844148122e-03
1.900000000000e-01 1.950000000000e-01 2.000000000000e-01 2.659870869072e-02 5.547758617067e-03 1.163455452135e-03 1.097090944325e-03
2.000000000000e-01 2.050000000000e-01 2.100000000000e-01 2.707118271231e-02 5.929566242743e-03 1.192457708176e-03 1.064715815380e-03
2.100000000000e-01 2.150000000000e-01 2.200000000000e-01 2.765134353366e-02 6.592032108483e-03 1.240454833491e-03 1.003866096063e-03
2.200000000000e-01 2.250000000000e-01 2.300000000000e-01 2.803161205959e-02 7.273065272068e-03 1.273755414523e-03 9.672960444084e-04
2.300000000000e-01 2.350000000000e-01 2.400000000000e-01 2.832132036502e-02 7.595789388423e-03 1.294357880580e-03 9.603818201449e-04
2.400000000000e-01 2.450000000000e-01 2.500000000000e-01 2.828270396218e-02 7.850344127310e-03 1.309176649777e-03 9.738611534648e-04
2.500000000000e-01 2.550000000000e-01 2.600000000000e-01 2.757770123566e-02 8.672865653301e-03 1.326705549735e-03 1.051329676970e-03
2.600000000000e-01 2.650000000000e-01 2.700000000000e-01 2.642241132676e-02 9.784215040589e-03 1.356581173485e-03 1.180525250022e-03
2.700000000000e-01 2.750000000000e-01 2.800000000000e-01 2.551372319966e-02 1.044927597897e-02 1.377565866142e-03 1.238256963290e-03
2.800000000000e-01 2.850000000000e-01 2.900000000000e-01 2.512143558486e-02 1.059270991741e-02 1.395033319271e-03 1.236378151152e-03
2.900000000000e-01 2.950000000000e-01 3.000000000000e-01 2.451498342670e-02 1.106823388670e-02 1.457366188529e-03 1.244989366403e-03
3.000000000000e-01 3.050000000000e-01 3.100000000000e-01 2.354954669959e-02 1.281145248614e-02 1.645687032064e-03 1.351761399108e-03
3.100000000000e-01 3.150000000000e-01 3.200000000000e-01 2.231642797263e-02 1.502187404492e-02 1.882480537479e-03 1.573087426816e-03
3.200000000000e-01 3.250000000000e-01 3.300000000000e-01 2.138434014582e-02 1.662945057780e-02 2.076621461928e-03 1.700704752239e-03
3.300000000000e-01 3.350000000000e-01 3.400000000000e-01 2.095905329337e-02 1.702653780363e-02 2.153416892174e-03 1.711400182796e-03
3.400000000000e-01 3.450000000000e-01 3.500000000000e-01 2.094249701456e-02 1.747179731137e-02 2.219524252420e-03 1.698586640970e-03
3.500000000000e-01 3.550000000000e-01 3.600000000000e-01 2.086409277283e-02 1.879941723407e-02 2.318337129853e-03 1.801920388644e-03
3.600000000000e-01 3.650000000000e-01 3.700000000000e-01 2.069605101584e-02 2.052011210689e-02 2.373216318866e-03 2.089590209156e-03
3.700000000000e-01 3.750000000000e-01 3.800000000000e-01 2.034344803833e-02 2.193399596407e-02 2.382147064827e-03 2.252381376774e-03
3.800000000000e-01 3.850000000000e-01 3.900000000000e-01 1.973355689129e-02 2.243675976492e-02 2.398614919951e-03 2.281949848533e-03
3.900000000000e-01 3.950000000000e-01 4.000000000000e-01 1.879975251160e-02 2.264344080054e-02 2.454759339397e-03 2.290052206341e-03
4.000000000000e-01 4.050000000000e-01 4.100000000000e-01 1.777715026916e-02 2.275044507901e-02 2.798848818832e-03 2.447795365255e-03
4.100000000000e-01 4.150000000000e-01 4.200000000000e-01 1.656907752647e-02 2.269238211030e-02 3.354129216013e-03 2.969798876069e-03
4.200000000000e-01 4.250000000000e-01 4.300000000000e-01 1.533881256560e-02 2.263785137960e-02 3.606422334311e-03 3.162347621851e-03
4.300000000000e-01 4.350000000000e-01 4.400000000000e-01 1.441382293757e-02 2.270558145893e-02 3.596731438016e-03 3.167934513929e-03
4.400000000000e-01 4.450000000000e-01 4.500000000000e-01 1.356051973263e-02 2.304192917568e-02 3.562116755008e-03 3.169550206191e-03
4.500000000000e-01 4.550000000000e-01 4.600000000000e-01 1.264659907999e-02 2.335934791789e-02 3.754447631139e-03 3.252259102579e-03
4.600000000000e-01 4.650000000000e-01 4.700000000000e-01 1.140358734764e-02 2.334493320550e-02 4.413751882834e-03 3.515951305499e-03
4.700000000000e-01 4.750000000000e-01 4.800000000000e-01 1.003785423993e-02 2.318087444734e-02 4.803160809891e-03 3.586165133057e-03
4.800000000000e-01 4.850000000000e-01 4.900000000000e-01 9.582804490027e-03 2.297747642378e-02 4.870991749280e-03 3.581293304658e-03
4.900000000000e-01 4.950000000000e-01 5.000000000000e-01 9.157320512286e-03 2.269219100018e-02 4.872255652000e-03 3.605580692547e-03
5.000000000000e-01 5.050000000000e-01 5.100000000000e-01 8.901109431589e-03 2.194310851053e-02 5.485348513674e-03 3.875467755728e-03
5.100000000000e-01 5.150000000000e-01 5.200000000000e-01 8.627830129690e-03 2.061407637993e-02 7.620121815763e-03 4.603490380817e-03
5.200000000000e-01 5.250000000000e-01 5.300000000000e-01 8.459144524774e-03 2.010626805881e-02 8.303087489361e-03 4.841704119727e-03
5.300000000000e-01 5.350000000000e-01 5.400000000000e-01 8.443801687330e-03 2.003061115434e-02 8.344306964566e-03 4.835688182363e-03
5.400000000000e-01 5.450000000000e-01 5.500000000000e-01 8.360858841324e-03 1.994134112401e-02 8.372497649116e-03 4.827629086643e-03
5.500000000000e-01 5.550000000000e-01 5.600000000000e-01 7.480692475233e-03 1.936063173667e-02 9.435762110132e-03 5.040044255185e-03
5.600000000000e-01 5.650000000000e-01 5.700000000000e-01 5.730529617664e-03 1.755627471616e-02 1.332435209642e-02 5.669126636974e-03
5.700000000000e-01 5.750000000000e-01 5.800000000000e-01 4.673035608036e-03 1.692272655092e-02 1.433365597647e-02 5.910723548448e-03
5.800000000000e-01 5.850000000000e-01 5.900000000000e-01 4.444076031419e-03 1.684664301394e-02 1.429618469920e-02 5.922599243931e-03
5.900000000000e-01 5.950000000000e-01 6.000000000000e-01 4.370961910041e-03 1.684347484779e-02 1.431826805189e-02 5.909131228214e-03
6.000000000000e-01 6.050000000000e-01 6.100000000000e-01 3.937594096491e-03 1.615433478259e-02 1.536449294844e-02 6.053003735386e-03
6.100000000000e-01 6.150000000000e-01 6.200000000000e-01 2.848167162973e-03 1.369833257933e-02 1.836377753196e-02 6.653938479457e-03
6.200000000000e-01 6.250000000000e-01 6.300000000000e-01 2.384337466198e-03 1.304567095689e-02 1.916007411091e-02 6.849223549179e-03
6.300000000000e-01 6.350000000000e-01 6.400000000000e-01 2.337500183715e-03 1.305994017886e-02 1.917708195365e-02 6.845165846410e-03
6.400000000000e-01 6.450000000000e-01 6.500000000000e-01 2.329077554725e-03 1.304998184080e-02 1.919734359452e-02 6.830899595061e-03
6.500000000000e-01 6.550000000000e-01 6.600000000000e-01 2.205943281441e-03 1.215013109630e-02 1.988955188193e-02 6.711239621740e-03
6.600000000000e-01 6.650000000000e-01 6.700000000000e-01 1.855528732087e-03 9.395367091017e-03 2.202644980015e-02 6.255202209475e-03
6.700000000000e-01 6.750000000000e-01 6.800000000000e-01 1.731787793823e-03 8.579879680232e-03 2.267858320550e-02 6.149919081954e-03
6.800000000000e-01 6.850000000000e-01 6.900000000000e-01 1.734472440916e-03 8.536934885184e-03 2.270921613389e-02 6.146848739614e-03
6.900000000000e-01 6.950000000000e-01 7.000000000000e-01 1.711117084891e-03 8.533331110959e-03 2.265523884540e-02 6.144067543665e-03
7.000000000000e-01 7.050000000000e-01 7.100000000000e-01 1.399845808696e-03 7.981187870553e-03 2.270356683129e-02 6.383658009486e-03
7.100000000000e-01 7.150000000000e-01 7.200000000000e-01 6.576696333857e-04 6.152625511079e-03 2.291009185615e-02 7.475961802963e-03
7.200000000000e-01 7.250000000000e-01 7.300000000000e-01 3.999006492592e-04 5.576532217487e-03 2.293588795791e-02 7.724657846558e-03
7.300000000000e-01 7.350000000000e-01 7.400000000000e-01 3.883605255423e-04 5.576008974972e-03 2.288598429443e-02 7.716682962624e-03
7.400000000000e-01 7.450000000000e-01 7.500000000000e-01 3.904806322494e-04 5.570769606854e-03 2.287748829197e-02 7.719857879580e-03
7.500000000000e-01 7.550000000000e-01 7.600000000000e-01 3.593458694194e-04 5.103404339993e-03 2.273484384189e-02 7.939216994983e-03
7.600000000000e-01 7.650000000000e-01 7.700000000000e-01 2.815590710714e-04 3.667035893135e-03 2.203205388608e-02 8.986711861491e-03
7.700000000000e-01 7.750000000000e-01 7.800000000000e-01 2.543680457642e-04 3.248883010818e-03 2.186783478119e-02 9.223100015301e-03
7.800000000000e-01 7.850000000000e-01 7.900000000000e-01 2.547839372264e-04 3.235964389818e-03 2.183127750886e-02 9.220003959602e-03
7.900000000000e-01 7.950000000000e-01 8.000000000000e-01 2.565743162969e-04 3.212786425182e-03 2.179067483453e-02 9.220829165277e-03
8.000000000000e-01 8.050000000000e-01 8.100000000000e-01 2.290644535804e-04 2.992213076790e-03 2.159582511788e-02 9.874088896737e-03
8.100000000000e-01 8.150000000000e-01 8.200000000000e-01 1.576406177755e-04 2.462123817688e-03 2.074565976559e-02 1.289192664140e-02
8.200000000000e-01 8.250000000000e-01 8.300000000000e-01 1.234247235584e-04 2.269860548596e-03 2.054501815441e-02 1.356540186329e-02
8.300000000000e-01 8.350000000000e-01 8.400000000000e-01 1.189763963677e-04 2.265253905151e-03 2.050460622396e-02 1.355160034426e-02
8.400000000000e-01 8.450000000000e-01 8.500000000000e-01 1.158819553878e-04 2.250904137050e-03 2.046399314861e-02 1.352328091347e-02
8.500000000000e-01 8.550000000000e-01 8.600000000000e-01 7.681642121639e-05 2.097216620906e-03 1.970185484128e-02 1.363141139616e-02
8.600000000000e-01 8.650000000000e-01 8.700000000000e-01 -2.212694679640e-05 1.728724513720e-03 1.655183547138e-02 1.414996041788e-02
8.700000000000e-01 8.750000000000e-01 8.800000000000e-01 -6.586597744451e-05 1.573335752455e-03 1.590296592709e-02 1.427482998881e-02
8.800000000000e-01 8.850000000000e-01 8.900000000000e-01 -6.771413635414e-05 1.566198970264e-03 1.585097906532e-02 1.425311939223e-02
8.900000000000e-01 8.950000000000e-01 9.000000000000e-01 -6.460317019827e-05 1.557386855681e-03 1.577652971042e-02 1.424186695757e-02
9.000000000000e-01 9.050000000000e-01 9.100000000000e-01 -4.597606950893e-05 1.482026399886e-03 1.547629484020e-02 1.518896567257e-02
9.100000000000e-01 9.150000000000e-01 9.200000000000e-01 -9.720063883889e-06 1.328415437771e-03 1.430611870709e-02 1.888964165321e-02
9.200000000000e-01 9.250000000000e-01 9.300000000000e-01 6.029904117613e-06 1.255394830607e-03 1.387803702355e-02 1.985399183818e-02
9.300000000000e-01 9.350000000000e-01 9.400000000000e-01 1.035750804294e-05 1.255635771172e-03 1.385011794296e-02 1.984904304057e-02
9.400000000000e-01 9.450000000000e-01 9.500000000000e-01 1.348402117951e-05 1.257255282236e-03 1.379251022265e-02 1.983821610899e-02
9.500000000000e-01 9.550000000000e-01 9.600000000000e-01 1.668378931548e-05 1.260288624612e-03 1.295443385334e-02 1.986301562669e-02
9.600000000000e-01 9.650000000000e-01 9.700000000000e-01 3.171848518400e-05 1.271276575862e-03 9.840840591125e-03 2.014673216590e-02
9.700000000000e-01 9.750000000000e-01 9.800000000000e-01 4.256316536777e-05 1.274212840678e-03 8.992802401164e-03 2.019186147110e-02
9.800000000000e-01 9.850000000000e-01 9.900000000000e-01 4.882477488664e-05 1.268464882073e-03 8.941562144631e-03 2.020560434202e-02
9.900000000000e-01 9.950000000000e-01 1.000000000000e+00 5.462463343380e-05 1.230039672218e-03 8.962654110755e-03 2.017480311592e-02
1.000000000000e+00 1.005000000000e+00 1.010000000000e+00 3.684656626869e-05 1.114895246441e-03 7.762792755897e-03 1.875458346736e-02
1.010000000000e+00 1.015000000000e+00 1.020000000000e+00 -1.770850030055e-05 9.104711884885e-04 4.160743625172e-03 1.244703691506e-02
1.020000000000e+00 1.025000000000e+00 1.030000000000e+00 -3.669625361352e-05 7.670942832727e-04 3.251433237664e-03 1.103065891568e-02
1.030000000000e+00 1.035000000000e+00 1.040000000000e+00 -3.277608378001e-05 7.484885088247e-04 3.208031631800e-03 1.101596999506e-02
1.040000000000e+00 1.045000000000e+00 1.050000000000e+00 -2.723187459883e-05 7.398065531608e-04 3.172154599451e-03 1.100765465502e-02
1.050000000000e+00 1.055000000000e+00 1.060000000000e+00 -1.701889288685e-05 7.149032574747e-04 2.838260193469e-03 1.076392650094e-02
1.060000000000e+00 1.065000000000e+00 1.070000000000e+00 -4.992694410581e-08 6.711792166261e-04 1.800479688058e-03 9.630588596943e-03
1.070000000000e+00 1.075000000000e+00 1.080000000000e+00 8.134801768722e-06 6.294215593372e-04 1.499348403541e-03 9.335889490088e-03
1.080000000000e+00 1.085000000000e+00 1.090000000000e+00 1.038744088497e-05 6.249305601017e-04 1.480566138620e-03 9.326264855978e-03
1.090000000000e+00 1.095000000000e+00 1.100000000000e+00 1.196683315836e-05 6.504782494812e-04 1.471387179165e-03 9.324638509677e-03
1.100000000000e+00 1.105000000000e+00 1.110000000000e+00 1.523048569071e-05 7.062460403424e-04 1.426351310370e-03 9.653399988212e-03
1.110000000000e+00 1.115000000000e+00 1.120000000000e+00 2.114131384218e-05 7.986753247935e-04 1.280685985254e-03 1.128185223301e-02
1.120000000000e+00 1.125000000000e+00 1.130000000000e+00 2.389187232199e-05 8.780439479391e-04 1.240218553433e-03 1.166464742443e-02
1.130000000000e+00 1.135000000000e+00 1.140000000000e+00 2.430605976529e-05 8.987829293403e-04 1.233125667497e-03 1.166205196838e-02
1.140000000000e+00 1.145000000000e+00 1.150000000000e+00 2.510082176408e-05 8.954161422903e-04 1.223286791692e-03 1.165169852434e-02
1.150000000000e+00 1.155000000000e+00 1.160000000000e+00 3.365499259147e-05 8.844591737026e-04 1.093660068297e-03 1.130644709753e-02
1.160000000000e+00 1.165000000000e+00 1.170000000000e+00 5.448698844391e-05 8.605463957084e-04 7.007611432430e-04 9.606177982705e-03
1.170000000000e+00 1.175000000000e+00 1.180000000000e+00 6.373223330903e-05 8.508210792994e-04 5.929931686397e-04 9.217971759359e-03
1.180000000000e+00 1.185000000000e+00 1.190000000000e+00 6.549696040947e-05 8.474974994187e-04 5.861537954521e-04 9.216409330604e-03
1.190000000000e+00 1.195000000000e+00 1.200000000000e+00 6.653673855643e-05 8.518401800924e-04 5.803187539699e-04 9.202347418961e-03
1.200000000000e+00 1.205000000000e+00 1.210000000000e+00 6.505992580388e-05 8.787655158541e-04 5.630795978933e-04 9.161948969492e-03
1.210000000000e+00 1.215000000000e+00 1.220000000000e+00 6.128961877788e-05 9.241938853835e-04 5.225707960096e-04 8.826043334997e-03
1.220000000000e+00 1.225000000000e+00 1.230000000000e+00 5.942628192406e-05 9.490745049614e-04 5.051105258364e-04 8.771227330302e-03
1.230000000000e+00 1.235000000000e+00 1.240000000000e+00 6.090811174171e-05 9.543991673181e-04 4.950929033541e-04 8.767386828628e-03
1.240000000000e+00 1.245000000000e+00 1.250000000000e+00 6.323501742650e-05 9.436010624472e-04 4.743942631002e-04 8.739548168640e-03
1.250000000000e+00 1.255000000000e+00 1.260000000000e+00 6.905263613161e-05 8.658942502247e-04 4.070399711198e-04 8.020136807254e-03
1.260000000000e+00 1.265000000000e+00 1.270000000000e+00 7.822280134121e-05 6.806115008746e-04 2.718649410839e-04 5.184582817472e-03
1.270000000000e+00 1.275000000000e+00 1.280000000000e+00 8.477553862479e-05 6.015969063345e-04 2.086277879470e-04 4.489613326380e-03
1.280000000000e+00 1.285000000000e+00 1.290000000000e+00 8.691973531260e-05 5.933891730763e-04 1.937974117299e-04 4.481630929706e-03
1.290000000000e+00 1.295000000000e+00 1.300000000000e+00 8.733218102595e-05 5.871244408433e-04 1.850201223848e-04 4.457797825799e-03
1.300000000000e+00 1.305000000000e+00 1.310000000000e+00 7.274894983082e-05 5.268828193227e-04 1.687778972266e-04 4.228395299006e-03
1.310000000000e+00 1.315000000000e+00 1.320000000000e+00 3.726562659069e-05 3.827779549695e-04 1.409150321906e-04 3.392301669503e-03
1.320000000000e+00 1.325000000000e+00 1.330000000000e+00 2.176766639598e-05 3.187367291956e-04 1.251627728494e-04 3.149333536063e-03
1.330000000000e+00 1.335000000000e+00 1.340000000000e+00 2.168451583139e-05 3.139164369705e-04 1.200017084236e-04 3.141461803593e-03
1.340000000000e+00 1.345000000000e+00 1.350000000000e+00 2.382635887400e-05 3.171539649692e-04 1.209389297827e-04 3.124717723374e-03
1.350000000000e+00 1.355000000000e+00 1.360000000000e+00 3.759345602927e-05 3.401478024438e-04 1.276800046844e-04 3.048231049100e-03
1.360000000000e+00 1.365000000000e+00 1.370000000000e+00 6.665031964158e-05 3.936149685286e-04 1.428974832731e-04 2.765906223075e-03
1.370000000000e+00 1.375000000000e+00 1.380000000000e+00 7.915763611110e-05 4.156470709311e-04 1.511784668631e-04 2.630036217982e-03
1.380000000000e+00 1.385000000000e+00 1.390000000000e+00 8.177271261354e-05 4.172090280192e-04 1.551814559223e-04 2.621893024628e-03
1.390000000000e+00 1.395000000000e+00 1.400000000000e+00 8.584695518240e-05 4.197603553165e-04 1.617709121887e-04 2.614046944463e-03
1.400000000000e+00 1.405000000000e+00 1.410000000000e+00 1.120235355028e-04 4.440429884409e-04 1.864077690173e-04 2.569782914088e-03
1.410000000000e+00 1.415000000000e+00 1.420000000000e+00 1.701097336327e-04 5.102668485961e-04 2.382210938247e-04 2.408702375501e-03
1.420000000000e+00 1.425000000000e+00 1.430000000000e+00 1.961384151288e-04 5.332549853157e-04 2.642432671026e-04 2.355098160401e-03
1.430000000000e+00 1.435000000000e+00 1.440000000000e+00 1.990114878282e-04 5.353181171272e-04 2.593786554041e-04 2.348781067528e-03
1.440000000000e+00 1.445000000000e+00 1.450000000000e+00 1.995356067152e-04 5.357140983526e-04 2.444769009073e-04 2.324273503193e-03
1.450000000000e+00 1.455000000000e+00 1.460000000000e+00 2.002429911060e-04 5.251683517123e-04 2.250003614699e-04 2.176255743974e-03
1.460000000000e+00 1.465000000000e+00 1.470000000000e+00 1.979853457002e-04 4.892100695522e-04 2.034357170140e-04 1.722507741821e-03
1.470000000000e+00 1.475000000000e+00 1.480000000000e+00 1.969184072374e-04 4.820540682266e-04 1.817123233071e-04 1.532207276439e-03
1.480000000000e+00 1.485000000000e+00 1.490000000000e+00 1.976455396754e-04 4.801909595155e-04 1.698397050748e-04 1.518341213422e-03
1.490000000000e+00 1.495000000000e+00 1.500000000000e+00 1.931020257790e-04 4.700424814851e-04 1.549649449510e-04 1.483901194060e-03
1.500000000000e+00 1.505000000000e+00 1.510000000000e+00 1.665459892352e-04 3.960676975899e-04 1.360938060803e-04 1.340404645731e-03
1.510000000000e+00 1.515000000000e+00 1.520000000000e+00 1.211987977645e-04 2.362197957220e-04 1.177212307741e-04 8.395281040648e-04
1.520000000000e+00 1.525000000000e+00 1.530000000000e+00 9.800620795734e-05 1.655294377143e-04 1.006359943366e-04 6.261089611370e-04
1.530000000000e+00 1.535000000000e+00 1.540000000000e+00 9.395085831625e-05 1.555984922321e-04 9.053217852352e-05 6.203854090337e-04
1.540000000000e+00 1.545000000000e+00 1.550000000000e+00 9.482217398353e-05 1.551292609520e-04 8.671619046720e-05 6.246897688394e-04
1.550000000000e+00 1.555000000000e+00 1.560000000000e+00 1.070815786170e-04 1.539537149432e-04 8.615609003177e-05 6.284027666142e-04
1.560000000000e+00 1.565000000000e+00 1.570000000000e+00 1.305826933559e-04 1.560430522856e-04 8.683920001579e-05 6.506275176016e-04
1.570000000000e+00 1.575000000000e+00 1.580000000000e+00 1.406585095935e-04 1.558503567105e-04 8.754396586619e-05 6.662735091643e-04
1.580000000000e+00 1.585000000000e+00 1.590000000000e+00 1.438035622771e-04 1.564423703232e-04 8.744733751191e-05 6.679221285002e-04
1.590000000000e+00 1.595000000000e+00 1.600000000000e+00 1.514780900248e-04 1.601473658353e-04 8.782296200001e-05 6.670286908471e-04
1.600000000000e+00 1.605000000000e+00 1.610000000000e+00 1.744620858335e-04 1.833128385181e-04 8.740868059084e-05 6.724781869953e-04
1.610000000000e+00 1.615000000000e+00 1.620000000000e+00 2.222248735372e-04 2.290383837218e-04 8.671829869622e-05 6.876090866842e-04
1.620000000000e+00 1.625000000000e+00 1.630000000000e+00 2.436459979253e-04 2.527339789336e-04 8.404199139340e-05 6.893179280235e-04
1.630000000000e+00 1.635000000000e+00 1.640000000000e+00 2.432151151148e-04 2.542922960544e-04 7.991023184935e-05 6.840933014996e-04
1.640000000000e+00 1.645000000000e+00 1.650000000000e+00 2.328742654211e-04 2.439811084748e-04 7.304384052501e-05 6.605184058065e-04
1.650000000000e+00 1.655000000000e+00 1.660000000000e+00 1.910138488088e-04 2.018472400997e-04 6.651578319971e-05 5.865221249257e-04
1.660000000000e+00 1.665000000000e+00 1.670000000000e+00 1.073490466606e-04 1.181836915199e-04 5.897310150498e-05 3.461747433640e-04
1.670000000000e+00 1.675000000000e+00 1.680000000000e+00 5.923408783534e-05 7.728858735426e-05 5.257651574831e-05 2.298575284517e-04
1.680000000000e+00 1.685000000000e+00 1.690000000000e+00 5.011840834290e-05 6.864267346973e-05 4.801569747373e-05 2.253028593300e-04
1.690000000000e+00 1.695000000000e+00 1.700000000000e+00 5.273215843864e-05 7.198449059343e-05 4.610662926557e-05 2.265960667858e-04
1.700000000000e+00 1.705000000000e+00 1.710000000000e+00 7.000843547215e-05 7.747765795953e-05 4.693203549556e-05 2.355298550869e-04
1.710000000000e+00 1.715000000000e+00 1.720000000000e+00 1.061567057097e-04 9.164064595716e-05 4.834121787586e-05 2.607309717427e-04
1.720000000000e+00 1.725000000000e+00 1.730000000000e+00 1.299008558316e-04 9.791928490185e-05 5.007527636862e-05 2.688402631329e-04
1.730000000000e+00 1.735000000000e+00 1.740000000000e+00 1.367909547693e-04 9.848433557396e-05 5.081131699210e-05 2.687740625286e-04
1.740000000000e+00 1.745000000000e+00 1.750000000000e+00 1.394917353568e-04 9.922695346347e-05 4.992165961973e-05 2.704843026279e-04
1.750000000000e+00 1.755000000000e+00 1.760000000000e+00 1.423731196507e-04 1.089599954116e-04 4.856069593744e-05 2.746878643507e-04
1.760000000000e+00 1.765000000000e+00 1.770000000000e+00 1.494741799815e-04 1.293479142736e-04 4.601215836638e-05 2.898652956010e-04
1.770000000000e+00 1.775000000000e+00 1.780000000000e+00 1.476947407621e-04 1.399753565043e-04 4.300929683729e-05 2.902033152783e-04
1.780000000000e+00 1.785000000000e+00 1.790000000000e+00 1.469672420882e-04 1.410286230879e-04 4.162187426213e-05 2.887377084252e-04
1.790000000000e+00 1.795000000000e+00 1.800000000000e+00 1.491966603921e-04 1.402664116721e-04 4.136482910852e-05 2.857868233108e-04
1.800000000000e+00 1.805000000000e+00 1.810000000000e+00 1.540049317444e-04 1.404671768095e-04 4.105067652060e-05 2.764447807718e-04
1.810000000000e+00 1.815000000000e+00 1.820000000000e+00 1.672140591675e-04 1.426610906265e-04 4.117436322946e-05 2.574166199860e-04
1.820000000000e+00 1.825000000000e+00 1.830000000000e+00 1.705137204357e-04 1.410744083918e-04 4.124705924035e-05 2.513294047866e-04
1.830000000000e+00 1.835000000000e+00 1.840000000000e+00 1.669458596847e-04 1.387080959163e-04 4.046709863826e-05 2.459956206366e-04
1.840000000000e+00 1.845000000000e+00 1.850000000000e+00 1.600285994644e-04 1.329765416079e-04 3.883868532983e-05 2.405276574091e-04
1.850000000000e+00 1.855000000000e+00 1.860000000000e+00 1.383066393827e-04 1.099130801397e-04 3.580010197515e-05 2.160941631428e-04
1.860000000000e+00 1.865000000000e+00 1.870000000000e+00 9.961703953885e-05 6.672304274211e-05 3.333526019049e-05 1.518891345997e-04
1.870000000000e+00 1.875000000000e+00 1.880000000000e+00 6.917477247108e-05 4.488112448703e-05 3.082063748373e-05 1.078795745028e-04
1.880000000000e+00 1.885000000000e+00 1.890000000000e+00 5.513516700108e-05 3.687387956734e-05 2.825640003404e-05 1.046233696449e-04
1.890000000000e+00 1.895000000000e+00 1.900000000000e+00 5.432347922153e-05 3.869079167130e-05 2.752738086777e-05 1.015416764584e-04
1.900000000000e+00 1.905000000000e+00 1.910000000000e+00 5.716275905506e-05 4.573351619773e-05 2.828402250953e-05 1.019708552862e-04
1.910000000000e+00 1.915000000000e+00 1.920000000000e+00 6.528425050622e-05 5.696972392315e-05 2.909711672277e-05 1.109193688133e-04
1.920000000000e+00 1.925000000000e+00 1.930000000000e+00 7.221870025721e-05 6.238084461253e-05 2.971744559076e-05 1.138310917313e-04
1.930000000000e+00 1.935000000000e+00 1.940000000000e+00 7.509463524774e-05 6.417825264741e-05 3.031756243697e-05 1.149384639912e-04
1.940000000000e+00 1.945000000000e+00 1.950000000000e+00 7.649878782312e-05 6.477511731603e-05 3.026797052248e-05 1.179283608336e-04
1.950000000000e+00 1.955000000000e+00 1.960000000000e+00 8.409278068860e-05 6.656962258715e-05 2.939171969946e-05 1.240647560992e-04
1.960000000000e+00 1.965000000000e+00 1.970000000000e+00 9.837643111030e-05 7.184508898512e-05 2.869435697679e-05 1.406453131235e-04
1.970000000000e+00 1.975000000000e+00 1.980000000000e+00 1.106760838595e-04 7.359618621993e-05 2.769024830958e-05 1.538481614933e-04
1.980000000000e+00 1.985000000000e+00 1.990000000000e+00 1.106803128774e-04 7.464649213327e-05 2.701180439348e-05 1.536874983846e-04
1.990000000000e+00 1.995000000000e+00 2.000000000000e+00 1.092601319272e-04 7.337016294803e-05 2.612000092266e-05 1.519419785313e-04
2.000000000000e+00 2.005000000000e+00 2.010000000000e+00 1.082137490999e-04 7.581093702498e-05 2.541105518626e-05 1.452434416137e-04
2.010000000000e+00 2.015000000000e+00 2.020000000000e+00 9.969393228186e-05 7.700406406215e-05 2.469713109569e-05 1.271423616598e-04
2.020000000000e+00 2.025000000000e+00 2.030000000000e+00 8.985559707115e-05 7.768978135120e-05 2.438155531477e-05 1.124604600639e-04
2.030000000000e+00 2.035000000000e+00 2.040000000000e+00 8.715873003073e-05 7.772614949461e-05 2.399880148601e-05 1.100245412322e-04
2.040000000000e+00 2.045000000000e+00 2.050000000000e+00 8.662467950560e-05 8.095983341059e-05 2.534899059594e-05 1.066739515406e-04
2.050000000000e+00 2.055000000000e+00 2.060000000000e+00 8.490203789459e-05 8.018812836321e-05 2.898098421438e-05 9.766434209488e-05
2.060000000000e+00 2.065000000000e+00 2.070000000000e+00 8.460847703519e-05 8.595072275483e-05 3.513683503577e-05 7.849558894816e-05
2.070000000000e+00 2.075000000000e+00 2.080000000000e+00 8.685900465567e-05 8.963341210313e-05 3.585378051834e-05 6.924335823868e-05
2.080000000000e+00 2.085000000000e+00 2.090000000000e+00 8.470888201764e-05 9.061633697804e-05 3.595167401143e-05 6.791378324738e-05
2.090000000000e+00 2.095000000000e+00 2.100000000000e+00 8.333240661330e-05 8.879144373698e-05 3.508163995348e-05 6.772892845169e-05
2.100000000000e+00 2.105000000000e+00 2.110000000000e+00 8.346600847919e-05 8.214834210141e-05 3.249715760681e-05 6.934136458219e-05
2.110000000000e+00 2.115000000000e+00 2.120000000000e+00 8.307763653225e-05 7.321332795415e-05 2.890817211256e-05 8.062666303508e-05
2.120000000000e+00 2.125000000000e+00 2.130000000000e+00 8.150444827389e-05 6.480258658940e-05 2.611081110513e-05 8.618328922342e-05
2.130000000000e+00 2.135000000000e+00 2.140000000000e+00 8.123969338679e-05 6.231176430344e-05 2.220059176551e-05 8.625685147599e-05
2.140000000000e+00 2.145000000000e+00 2.150000000000e+00 8.322319031572e-05 6.225275632600e-05 1.985155883506e-05 8.906764571016e-05
2.150000000000e+00 2.155000000000e+00 2.160000000000e+00 8.735989462607e-05 7.021008718488e-05 1.881139301719e-05 9.132091711052e-05
2.160000000000e+00 2.165000000000e+00 2.170000000000e+00 9.188424708239e-05 7.804709635670e-05 1.799711350243e-05 9.123542030518e-05
2.170000000000e+00 2.175000000000e+00 2.180000000000e+00 9.565754590025e-05 8.093613555492e-05 1.709943318985e-05 8.918851134103e-05
2.180000000000e+00 2.185000000000e+00 2.190000000000e+00 9.621339699187e-05 8.127641145037e-05 1.611220795475e-05 8.786580525093e-05
2.190000000000e+00 2.195000000000e+00 2.200000000000e+00 9.534113917531e-05 7.411832346812e-05 1.553377725121e-05 8.623765514707e-05
2.200000000000e+00 2.205000000000e+00 2.210000000000e+00 8.558518709798e-05 5.941588166458e-05 1.477466411290e-05 8.044571725690e-05
2.210000000000e+00 2.215000000000e+00 2.220000000000e+00 8.313855822978e-05 3.920536861975e-05 1.384495410613e-05 6.719423091898e-05
2.220000000000e+00 2.225000000000e+00 2.230000000000e+00 7.631142877877e-05 3.065928455810e-05 1.305471529717e-05 5.883183224721e-05
2.230000000000e+00 2.235000000000e+00 2.240000000000e+00 7.210732825177e-05 2.516655412846e-05 1.285136472115e-05 5.814766968857e-05
2.240000000000e+00 2.245000000000e+00 2.250000000000e+00 7.143854246511e-05 2.530153555159e-05 1.298775939781e-05 5.713339425720e-05
2.250000000000e+00 2.255000000000e+00 2.260000000000e+00 8.355432305487e-05 2.784150459769e-05 1.338182170215e-05 5.572208139784e-05
2.260000000000e+00 2.265000000000e+00 2.270000000000e+00 9.373658894835e-05 3.163160147273e-05 1.383851452498e-05 5.021042617105e-05
2.270000000000e+00 2.275000000000e+00 2.280000000000e+00 1.089130265343e-04 3.351750740531e-05 1.429129370899e-05 4.762390153965e-05
2.280000000000e+00 2.285000000000e+00 2.290000000000e+00 1.131458541096e-04 3.583421294072e-05 1.446241340206e-05 4.794168300467e-05
2.290000000000e+00 2.295000000000e+00 2.300000000000e+00 1.078504126107e-04 3.825937140232e-05 1.472160007657e-05 4.818198961076e-05
2.300000000000e+00 2.305000000000e+00 2.310000000000e+00 1.097366144713e-04 4.388821289740e-05 1.535723015065e-05 5.160609051811e-05
2.310000000000e+00 2.315000000000e+00 2.320000000000e+00 1.067656179174e-04 5.819749355224e-05 1.604232808596e-05 5.989083145551e-05
2.320000000000e+00 2.325000000000e+00 2.330000000000e+00 1.181600385067e-04 6.635495317100e-05 1.657664437223e-05 6.479531562449e-05
2.330000000000e+00 2.335000000000e+00 2.340000000000e+00 1.202459049366e-04 6.846881916825e-05 1.669138091988e-05 6.525268849700e-05
2.340000000000e+00 2.345000000000e+00 2.350000000000e+00 1.252790021337e-04 6.962152296953e-05 1.587728076989e-05 6.510662512899e-05
2.350000000000e+00 2.355000000000e+00 2.360000000000e+00 1.236160436266e-04 6.948553588824e-05 1.517743211601e-05 6.368003267725e-05
2.360000000000e+00 2.365000000000e+00 2.370000000000e+00 1.259926817532e-04 6.926364042431e-05 1.406596335609e-05 6.193640296993e-05
2.370000000000e+00 2.375000000000e+00 2.380000000000e+00 1.256591283006e-04 6.809050138956e-05 1.286409550953e-05 6.202132131687e-05
2.380000000000e+00 2.385000000000e+00 2.390000000000e+00 1.271134244274e-04 6.427936827819e-05 1.195079793567e-05 6.080435933179e-05
2.390000000000e+00 2.395000000000e+00 2.400000000000e+00 1.226732065474e-04 5.840844933703e-05 1.132920585788e-05 5.980247170422e-05
2.400000000000e+00 2.405000000000e+00 2.410000000000e+00 1.091401942335e-04 4.565353532748e-05 1.056581931982e-05 5.264102168977e-05
2.410000000000e+00 2.415000000000e+00 2.420000000000e+00 8.627675809154e-05 2.857638204509e-05 9.740969237802e-06 3.783070120336e-05
2.420000000000e+00 2.425000000000e+00 2.430000000000e+00 7.556724929729e-05 1.572888786975e-05 9.134276914186e-06 2.825109687399e-05
2.430000000000e+00 2.435000000000e+00 2.440000000000e+00 7.262251623680e-05 1.047029668091e-05 9.023989858131e-06 2.724794425684e-05
2.440000000000e+00 2.445000000000e+00 2.450000000000e+00 7.127896635128e-05 1.158201448931e-05 9.647829747577e-06 2.820635363774e-05
2.450000000000e+00 2.455000000000e+00 2.460000000000e+00 7.894123226782e-05 2.052467616613e-05 1.069608504685e-05 3.223087236655e-05
2.460000000000e+00 2.465000000000e+00 2.470000000000e+00 9.603427359093e-05 3.823494286828e-05 1.223951071929e-05 4.168997509868e-05
2.470000000000e+00 2.475000000000e+00 2.480000000000e+00 1.166871506905e-04 4.794508182516e-05 1.354579699648e-05 4.749201978174e-05
2.480000000000e+00 2.485000000000e+00 2.490000000000e+00 1.341964595253e-04 5.025042464966e-05 1.496748476381e-05 4.897088602275e-05
2.490000000000e+00 2.495000000000e+00 2.500000000000e+00 1.371235320838e-04 5.652266508701e-05 1.684906020071e-05 4.938639475311e-05
2.500000000000e+00 2.505000000000e+00 2.510000000000e+00 1.585994390610e-04 6.584502593653e-05 1.818553647778e-05 5.503781704887e-05
2.510000000000e+00 2.515000000000e+00 2.520000000000e+00 1.786785511943e-04 7.482510815833e-05 2.166191464606e-05 6.651127751219e-05
2.520000000000e+00 2.525000000000e+00 2.530000000000e+00 1.708672759592e-04 8.322099201877e-05 2.348848211132e-05 7.623691836820e-05
2.530000000000e+00 2.535000000000e+00 2.540000000000e+00 1.647117003720e-04 8.218560729291e-05 2.493529435789e-05 7.686588596421e-05
2.540000000000e+00 2.545000000000e+00 2.550000000000e+00 1.542172483466e-04 8.203712353565e-05 2.494054356598e-05 7.484689774342e-05
2.550000000000e+00 2.555000000000e+00 2.560000000000e+00 1.416835954817e-04 7.190598408735e-05 2.026935931932e-05 6.600326780396e-05
2.560000000000e+00 2.565000000000e+00 2.570000000000e+00 1.184201726572e-04 7.319259621422e-05 1.758884533886e-05 4.988895035237e-05
2.570000000000e+00 2.575000000000e+00 2.580000000000e+00 1.027596365012e-04 6.695735496094e-05 1.343856687908e-05 3.928916697495e-05
2.580000000000e+00 2.585000000000e+00 2.590000000000e+00 8.918799251586e-05 6.782995450273e-05 1.196958341525e-05 3.745152849359e-05
2.590000000000e+00 2.595000000000e+00 2.600000000000e+00 9.273931693870e-05 6.332133022929e-05 1.160880338166e-05 3.589528582621e-05
2.600000000000e+00 2.605000000000e+00 2.610000000000e+00 9.569926929358e-05 5.370217542945e-05 1.146361109339e-05 3.270242265736e-05
2.610000000000e+00 2.615000000000e+00 2.620000000000e+00 1.130574928460e-04 6.098828101298e-05 1.176814846872e-05 2.718471840607e-05
2.620000000000e+00 2.625000000000e+00 2.630000000000e+00 1.167017535032e-04 5.360323200443e-05 1.224853969398e-05 2.374320465347e-05
2.630000000000e+00 2.635000000000e+00 2.640000000000e+00 1.083114426378e-04 4.857731892464e-05 1.249040006034e-05 2.352754262418e-05
2.640000000000e+00 2.645000000000e+00 2.650000000000e+00 1.208058014585e-04 4.858153150268e-05 1.260919478759e-05 2.326500521523e-05
2.650000000000e+00 2.655000000000e+00 2.660000000000e+00 1.092257847701e-04 4.479952876084e-05 1.238176381630e-05 2.201683809814e-05
2.660000000000e+00 2.665000000000e+00 2.670000000000e+00 1.132223885827e-04 4.293183039338e-05 1.139017312357e-05 2.548469388772e-05
2.670000000000e+00 2.675000000000e+00 2.680000000000e+00 1.111599427586e-04 3.920669217853e-05 1.097102351941e-05 2.588844171666e-05
2.680000000000e+00 2.685000000000e+00 2.690000000000e+00 1.083246292997e-04 3.854426035258e-05 1.103209174720e-05 2.469987106082e-05
2.690000000000e+00 2.695000000000e+00 2.700000000000e+00 8.530886603758e-05 4.189595237952e-05 1.111618938923e-05 2.613067360413e-05
2.700000000000e+00 2.705000000000e+00 2.710000000000e+00 7.531570980566e-05 5.018830283629e-05 1.123421869016e-05 3.133170747012e-05
2.710000000000e+00 2.715000000000e+00 2.720000000000e+00 7.681264977296e-05 6.130049472877e-05 1.136912781933e-05 3.755967835732e-05
2.720000000000e+00 2.725000000000e+00 2.730000000000e+00 7.475558696916e-05 6.529261524304e-05 1.199255974142e-05 4.072676345705e-05
2.730000000000e+00 2.735000000000e+00 2.740000000000e+00 8.415764499609e-05 6.434252383685e-05 1.207167846581e-05 4.144499855537e-05
2.740000000000e+00 2.745000000000e+00 2.750000000000e+00 8.010837619136e-05 5.680941353247e-05 1.195565044346e-05 4.121644953206e-05
2.750000000000e+00 2.755000000000e+00 2.760000000000e+00 7.597599313541e-05 5.082659239876e-05 1.182166226583e-05 4.720900275827e-05
2.760000000000e+00 2.765000000000e+00 2.770000000000e+00 7.512774505450e-05 4.870500114650e-05 1.232041841190e-05 5.769836869526e-05
2.770000000000e+00 2.775000000000e+00 2.780000000000e+00 7.384185558834e-05 4.557529458296e-05 1.165136428753e-05 6.486689083834e-05
2.780000000000e+00 2.785000000000e+00 2.790000000000e+00 7.365209354163e-05 4.426251354327e-05 1.201371931624e-05 6.780273936561e-05
2.790000000000e+00 2.795000000000e+00 2.800000000000e+00 7.415025015978e-05 4.337666691422e-05 1.300478994854e-05 6.436779925156e-05
2.800000000000e+00 2.805000000000e+00 2.810000000000e+00 8.009592743984e-05 4.688418126326e-05 1.537143617775e-05 6.059177903947e-05
2.810000000000e+00 2.815000000000e+00 2.820000000000e+00 8.153592626679e-05 5.373373672465e-05 2.017388295337e-05 5.865723836174e-05
2.820000000000e+00 2.825000000000e+00 2.830000000000e+00 9.494806932036e-05 5.526308124995e-05 2.033795355501e-05 5.837313922661e-05
2.830000000000e+00 2.835000000000e+00 2.840000000000e+00 9.672816027409e-05 5.250839765262e-05 2.068458293641e-05 5.655956811120e-05
2.840000000000e+00 2.845000000000e+00 2.850000000000e+00 8.945639820639e-05 4.920376926877e-05 1.904087114589e-05 5.340984291087e-05
2.850000000000e+00 2.855000000000e+00 2.860000000000e+00 8.666739254987e-05 4.097315897330e-05 1.643248469270e-05 4.487084848729e-05
2.860000000000e+00 2.865000000000e+00 2.870000000000e+00 8.169798841847e-05 3.027187291849e-05 1.373505500705e-05 3.150728721307e-05
2.870000000000e+00 2.875000000000e+00 2.880000000000e+00 7.383113795274e-05 2.391316243655e-05 1.158953961090e-05 2.646982199583e-05
2.880000000000e+00 2.885000000000e+00 2.890000000000e+00 7.193924490971e-05 2.116430291731e-05 1.061631580443e-05 2.400978299060e-05
2.890000000000e+00 2.895000000000e+00 2.900000000000e+00 6.695108682715e-05 2.093892068985e-05 9.683710557143e-06 2.222472611453e-05
2.900000000000e+00 2.905000000000e+00 2.910000000000e+00 7.008361129213e-05 2.487115229417e-05 9.004008950147e-06 2.454355188810e-05
2.910000000000e+00 2.915000000000e+00 2.920000000000e+00 6.966699950936e-05 2.653057725897e-05 8.466588790966e-06 2.585756813210e-05
2.920000000000e+00 2.925000000000e+00 2.930000000000e+00 8.289031764510e-05 2.955402292975e-05 8.194621512764e-06 2.360219701428e-05
2.930000000000e+00 2.935000000000e+00 2.940000000000e+00 6.847897007238e-05 3.027826679002e-05 8.031397808805e-06 2.172859531768e-05
2.940000000000e+00 2.945000000000e+00 2.950000000000e+00 6.238489627448e-05 2.527741955274e-05 7.995332899441e-06 1.983445726761e-05
2.950000000000e+00 2.955000000000e+00 2.960000000000e+00 5.051698711985e-05 2.061149273711e-05 7.986216965427e-06 2.049558701800e-05
2.960000000000e+00 2.965000000000e+00 2.970000000000e+00 4.604131611472e-05 1.493819187324e-05 7.842314394971e-06 2.330735515058e-05
2.970000000000e+00 2.975000000000e+00 2.980000000000e+00 4.955613365526e-05 7.795261396516e-06 8.195388071367e-06 2.264891354363e-05
2.980000000000e+00 2.985000000000e+00 2.990000000000e+00 3.951826926789e-05 7.713006883226e-06 8.509107228450e-06 2.292469373328e-05
