0.000000000000E+000 5.000000000000E-003 1.000000000000E-002 8.486390815731E-003 3.409182377184E-003 4.237383395372E-003 3.801095455139E-003 3.194361532210E-003 3.913027389761E-003
1.000000000000E-002 1.500000000000E-002 2.000000000000E-002 9.731811054753E-003 3.851332432527E-003 4.308821575343E-003 4.748099679694E-003 3.631510338325E-003 4.740970613722E-003
2.000000000000E-002 2.500000000000E-002 3.000000000000E-002 1.132699811305E-002 4.236425537813E-003 4.264897530156E-003 5.444878491925E-003 4.223213251860E-003 5.145612522950E-003
3.000000000000E-002 3.500000000000E-002 4.000000000000E-002 1.376591523148E-002 4.993336147797E-003 4.244575990848E-003 6.029740743606E-003 4.881604704379E-003 6.047926029091E-003
4.000000000000E-002 4.500000000000E-002 5.000000000000E-002 1.726468691817E-002 5.655708372818E-003 4.363792977883E-003 6.705875130456E-003 5.429153106448E-003 7.161379505988E-003
5.000000000000E-002 5.500000000000E-002 6.000000000000E-002 2.152735720242E-002 6.189676760961E-003 4.545667723836E-003 7.654439278300E-003 6.169335237461E-003 8.022212794785E-003
6.000000000000E-002 6.500000000000E-002 7.000000000000E-002 2.735144279512E-002 6.410151001912E-003 4.581102471293E-003 8.642520345965E-003 6.569060370041E-003 9.032188099377E-003
7.000000000000E-002 7.500000000000E-002 8.000000000000E-002 3.542704211488E-002 7.178233807248E-003 5.049545952449E-003 9.405254129146E-003 7.138716564832E-003 1.029422869740E-002
8.000000000000E-002 8.500000000000E-002 9.000000000000E-002 4.690890012976E-002 7.938456652435E-003 5.457832209572E-003 1.028840936327E-002 7.883514154323E-003 1.154590468336E-002
9.000000000000E-002 9.500000000000E-002 1.000000000000E-001 6.559463434204E-002 8.898767356241E-003 5.977373246118E-003 1.056669170908E-002 8.461195306153E-003 1.264396531377E-002
1.000000000000E-001 1.050000000000E-001 1.100000000000E-001 9.815251821338E-002 1.116945725521E-002 6.611192056826E-003 1.061472912070E-002 9.652158925741E-003 1.429202597594E-002
1.100000000000E-001 1.150000000000E-001 1.200000000000E-001 1.535728060341E-001 1.403881056731E-002 7.149187892128E-003 1.047588534753E-002 1.214885591220E-002 1.580025599827E-002
1.200000000000E-001 1.250000000000E-001 1.300000000000E-001 2.468941753885E-001 1.940658711128E-002 8.259523559328E-003 1.032964783523E-002 1.449030497756E-002 1.760582701025E-002
1.300000000000E-001 1.350000000000E-001 1.400000000000E-001 3.928435278068E-001 2.675941653571E-002 9.460542050949E-003 1.050514082085E-002 1.578616372874E-002 1.887790634484E-002
1.400000000000E-001 1.450000000000E-001 1.500000000000E-001 5.772107084107E-001 3.792387264909E-002 1.116486462990E-002 1.090183359365E-002 1.647170021270E-002 2.094090270297E-002
1.500000000000E-001 1.550000000000E-001 1.600000000000E-001 7.794626238766E-001 5.471696106813E-002 1.349296738339E-002 1.157384154684E-002 1.738321369943E-002 2.312801085283E-002
1.600000000000E-001 1.650000000000E-001 1.700000000000E-001 1.021644351183E+000 7.709773253732E-002 1.570362278247E-002 1.241782908825E-002 1.860086387275E-002 2.535033485509E-002
1.700000000000E-001 1.750000000000E-001 1.800000000000E-001 1.349196858271E+000 1.055317707645E-001 1.889799467101E-002 1.318751067008E-002 1.916155434600E-002 2.740758072158E-002
1.800000000000E-001 1.850000000000E-001 1.900000000000E-001 1.820647007871E+000 1.400744946977E-001 2.233913900214E-002 1.279029103774E-002 1.917971502765E-002 2.987230509833E-002
1.900000000000E-001 1.950000000000E-001 2.000000000000E-001 2.459692768775E+000 1.809855230573E-001 2.716677954066E-002 1.296819344509E-002 1.932473932696E-002 3.173784510106E-002
2.000000000000E-001 2.050000000000E-001 2.100000000000E-001 3.201216870983E+000 2.247272372593E-001 3.336797015590E-002 1.362104105766E-002 1.921173486580E-002 3.229983829745E-002
2.100000000000E-001 2.150000000000E-001 2.200000000000E-001 3.832743511157E+000 2.685268223046E-001 3.955225745149E-002 1.482170072967E-002 1.842942205576E-002 3.350109230828E-002
2.200000000000E-001 2.250000000000E-001 2.300000000000E-001 4.289160182405E+000 3.140244230338E-001 4.776148586340E-002 1.597952468156E-002 1.823097081554E-002 3.502834520126E-002
2.300000000000E-001 2.350000000000E-001 2.400000000000E-001 4.539854980596E+000 3.637068677957E-001 5.591641820316E-002 1.743062873015E-002 1.778183359557E-002 3.645736148109E-002
2.400000000000E-001 2.450000000000E-001 2.500000000000E-001 4.623285303360E+000 4.136776424991E-001 6.609778212140E-002 1.874790928364E-002 1.693935538533E-002 3.825366501796E-002
2.500000000000E-001 2.550000000000E-001 2.600000000000E-001 4.596731323031E+000 4.627924590910E-001 7.703505414017E-002 2.060283726487E-002 1.614540698638E-002 3.905495388610E-002
2.600000000000E-001 2.650000000000E-001 2.700000000000E-001 4.555644560704E+000 5.170098031014E-001 8.813314470762E-002 2.266205755023E-002 1.620090045270E-002 3.879224041708E-002
2.700000000000E-001 2.750000000000E-001 2.800000000000E-001 4.536373076171E+000 5.728118744420E-001 1.003783819015E-001 2.507079451765E-002 1.658001838992E-002 3.824850594916E-002
2.800000000000E-001 2.850000000000E-001 2.900000000000E-001 4.542788552284E+000 6.417668828690E-001 1.133826284264E-001 2.757682520946E-002 1.628090381794E-002 3.747710532821E-002
2.900000000000E-001 2.950000000000E-001 3.000000000000E-001 4.562007899305E+000 7.220355126837E-001 1.257378789202E-001 2.967481339380E-002 1.600878169917E-002 3.659129450707E-002
3.000000000000E-001 3.050000000000E-001 3.100000000000E-001 4.541269764249E+000 8.104052860746E-001 1.375235584429E-001 3.182321878593E-002 1.558437858515E-002 3.552819083010E-002
3.100000000000E-001 3.150000000000E-001 3.200000000000E-001 4.510573779685E+000 9.005900824729E-001 1.499260670045E-001 3.422059345326E-002 1.597766239327E-002 3.506887121070E-002
3.200000000000E-001 3.250000000000E-001 3.300000000000E-001 4.424935693741E+000 1.008731443295E+000 1.634681142469E-001 3.693684981978E-002 1.629083741019E-002 3.384491965990E-002
3.300000000000E-001 3.350000000000E-001 3.400000000000E-001 4.251282575083E+000 1.138527618827E+000 1.763111552502E-001 3.926605091534E-002 1.743264696835E-002 3.453701378800E-002
3.400000000000E-001 3.450000000000E-001 3.500000000000E-001 4.008389753678E+000 1.288988819197E+000 1.881946465851E-001 4.195534659822E-002 1.840535359500E-002 3.599880180429E-002
3.500000000000E-001 3.550000000000E-001 3.600000000000E-001 3.698809482663E+000 1.453171187646E+000 1.972697725811E-001 4.318459941789E-002 1.977234896032E-002 3.766515949156E-002
3.600000000000E-001 3.650000000000E-001 3.700000000000E-001 3.335457712176E+000 1.634416692829E+000 2.062616391715E-001 4.508366711718E-002 2.198042259388E-002 3.953729410943E-002
3.700000000000E-001 3.750000000000E-001 3.800000000000E-001 2.928401196902E+000 1.816642550903E+000 2.151528764989E-001 4.724418455916E-002 2.436124005386E-002 4.118955275341E-002
3.800000000000E-001 3.850000000000E-001 3.900000000000E-001 2.521715072053E+000 2.044082435485E+000 2.226991334135E-001 4.978165012613E-002 2.790203514859E-002 4.207404655087E-002
3.900000000000E-001 3.950000000000E-001 4.000000000000E-001 2.138172430074E+000 2.363390642729E+000 2.302975211998E-001 5.198714814904E-002 3.098023711728E-002 4.221889960444E-002
4.000000000000E-001 4.050000000000E-001 4.100000000000E-001 1.778947913885E+000 2.880405196068E+000 2.361134359870E-001 5.416502718108E-002 3.308931367392E-002 4.137778269015E-002
4.100000000000E-001 4.150000000000E-001 4.200000000000E-001 1.516635427518E+000 3.501927260851E+000 2.426360843793E-001 5.665133703724E-002 3.523458425801E-002 4.019754302445E-002
4.200000000000E-001 4.250000000000E-001 4.300000000000E-001 1.307789331055E+000 4.248865004804E+000 2.488501676471E-001 5.947883896142E-002 3.599257477053E-002 4.078835714258E-002
4.300000000000E-001 4.350000000000E-001 4.400000000000E-001 1.117221496807E+000 4.919847824575E+000 2.560068041917E-001 6.172789646077E-002 3.557490318269E-002 4.259050837888E-002
4.400000000000E-001 4.450000000000E-001 4.500000000000E-001 9.408965272176E-001 5.345944820419E+000 2.657593253997E-001 6.479527151889E-002 3.503636892074E-002 4.470839244377E-002
4.500000000000E-001 4.550000000000E-001 4.600000000000E-001 7.761758161361E-001 5.582671923804E+000 2.780016995134E-001 6.798567088332E-002 3.566645042361E-002 4.757737535246E-002
4.600000000000E-001 4.650000000000E-001 4.700000000000E-001 6.445022660544E-001 5.720031068196E+000 2.949503243047E-001 7.168832890005E-002 3.703859054289E-002 5.262901922213E-002
4.700000000000E-001 4.750000000000E-001 4.800000000000E-001 5.421297485650E-001 5.798855439202E+000 3.194429333380E-001 7.462347125099E-002 3.896122084439E-002 5.734615808949E-002
4.800000000000E-001 4.850000000000E-001 4.900000000000E-001 4.554065466950E-001 5.814283447146E+000 3.580774381025E-001 7.622264632028E-002 4.167062729113E-002 6.047516988687E-002
4.900000000000E-001 4.950000000000E-001 5.000000000000E-001 3.804094390779E-001 5.744073829578E+000 4.202002699648E-001 7.789848688013E-002 4.430357127518E-002 6.391815741828E-002
5.000000000000E-001 5.050000000000E-001 5.100000000000E-001 3.157156012885E-001 5.570843825709E+000 5.186461258607E-001 8.051632118311E-002 4.663861929133E-002 6.572905201660E-002
5.100000000000E-001 5.150000000000E-001 5.200000000000E-001 2.621789631278E-001 5.261525921943E+000 6.868450678706E-001 8.321761590682E-002 4.954927115896E-002 6.713982425043E-002
5.200000000000E-001 5.250000000000E-001 5.300000000000E-001 2.187302398167E-001 4.800937453189E+000 9.893828736270E-001 8.704896650140E-002 5.379243449717E-002 6.915522118263E-002
5.300000000000E-001 5.350000000000E-001 5.400000000000E-001 1.824690870819E-001 4.140157413297E+000 1.504343363221E+000 9.181398282902E-002 5.742045634162E-002 7.185912612357E-002
5.400000000000E-001 5.450000000000E-001 5.500000000000E-001 1.482938171443E-001 3.265195403830E+000 2.316055942539E+000 9.907679101365E-002 6.066675422462E-002 7.479385538924E-002
5.500000000000E-001 5.550000000000E-001 5.600000000000E-001 1.165161519298E-001 2.195458467583E+000 3.393221257748E+000 1.089563341262E-001 6.459661602312E-002 7.882272045805E-002
5.600000000000E-001 5.650000000000E-001 5.700000000000E-001 9.184580738028E-002 1.435042029483E+000 4.178601381723E+000 1.215904006027E-001 6.790107536608E-002 8.247148391596E-002
5.700000000000E-001 5.750000000000E-001 5.800000000000E-001 7.200480017620E-002 9.584268372829E-001 4.741399172993E+000 1.392119809368E-001 7.356938030769E-002 8.705700503414E-002
5.800000000000E-001 5.850000000000E-001 5.900000000000E-001 5.701304530336E-002 6.774479425260E-001 5.133036640761E+000 1.609513188355E-001 7.945003145496E-002 9.108409904186E-002
5.900000000000E-001 5.950000000000E-001 6.000000000000E-001 4.509616880889E-002 4.987543892222E-001 5.442996739270E+000 1.909141681319E-001 8.581323374246E-002 9.595503716364E-002
6.000000000000E-001 6.050000000000E-001 6.100000000000E-001 3.636301563325E-002 3.706003295529E-001 5.698937745854E+000 2.329551632786E-001 9.068656908224E-002 1.018640713432E-001
6.100000000000E-001 6.150000000000E-001 6.200000000000E-001 2.874617178008E-002 2.799049850950E-001 5.891196285604E+000 2.925425573339E-001 9.885550194184E-002 1.082570254332E-001
6.200000000000E-001 6.250000000000E-001 6.300000000000E-001 2.304019127577E-002 2.159823726942E-001 5.997627510004E+000 3.831574926825E-001 1.102885042483E-001 1.145416921927E-001
6.300000000000E-001 6.350000000000E-001 6.400000000000E-001 1.885369271939E-002 1.699116941512E-001 6.010992262114E+000 5.201253040946E-001 1.202885608238E-001 1.228777118116E-001
6.400000000000E-001 6.450000000000E-001 6.500000000000E-001 1.517184131462E-002 1.343313293630E-001 5.935715874510E+000 7.254317642611E-001 1.312138251226E-001 1.334933657000E-001
6.500000000000E-001 6.550000000000E-001 6.600000000000E-001 1.244048415660E-002 1.063871468867E-001 5.757152870745E+000 1.018445730483E+000 1.463559125391E-001 1.439596270686E-001
6.600000000000E-001 6.650000000000E-001 6.700000000000E-001 1.041724289027E-002 8.602778435993E-002 5.443596447342E+000 1.414919917135E+000 1.635671395041E-001 1.534622318589E-001
6.700000000000E-001 6.750000000000E-001 6.800000000000E-001 9.006185577860E-003 7.226210620738E-002 4.969859810076E+000 1.909312702056E+000 1.854060107509E-001 1.623960113365E-001
6.800000000000E-001 6.850000000000E-001 6.900000000000E-001 7.712147587518E-003 6.118998163089E-002 4.346852648635E+000 2.477847118590E+000 2.155426478048E-001 1.733808724516E-001
6.900000000000E-001 6.950000000000E-001 7.000000000000E-001 6.826331366995E-003 5.120470633214E-002 3.638423445749E+000 3.075650307598E+000 2.528835231819E-001 1.842860262722E-001
7.000000000000E-001 7.050000000000E-001 7.100000000000E-001 5.994251069015E-003 4.375556748367E-002 2.886723004667E+000 3.701718241303E+000 2.970928499216E-001 2.005873547111E-001
7.100000000000E-001 7.150000000000E-001 7.200000000000E-001 5.114704381267E-003 3.721278399688E-002 2.226959942286E+000 4.252237204362E+000 3.475731938527E-001 2.195921279658E-001
7.200000000000E-001 7.250000000000E-001 7.300000000000E-001 4.308342093211E-003 3.127469732258E-002 1.659067061148E+000 4.734253801372E+000 4.050366086814E-001 2.424632787507E-001
7.300000000000E-001 7.350000000000E-001 7.400000000000E-001 3.660447275375E-003 2.693640731841E-002 1.197097616446E+000 5.122818065620E+000 4.751024876584E-001 2.713886013061E-001
7.400000000000E-001 7.450000000000E-001 7.500000000000E-001 3.221558522107E-003 2.246267051561E-002 8.495314234147E-001 5.420126738793E+000 5.664796812257E-001 3.056384532479E-001
7.500000000000E-001 7.550000000000E-001 7.600000000000E-001 3.116731765877E-003 1.907718441381E-002 5.902216302333E-001 5.614213289732E+000 6.895130540535E-001 3.440510727655E-001
7.600000000000E-001 7.650000000000E-001 7.700000000000E-001 3.123422211202E-003 1.645315227763E-002 4.093767997143E-001 5.710547872019E+000 8.513241970338E-001 3.860011736209E-001
7.700000000000E-001 7.750000000000E-001 7.800000000000E-001 2.814560505196E-003 1.453380187831E-002 2.869665538274E-001 5.710346237123E+000 1.067452349139E+000 4.384080123723E-001
7.800000000000E-001 7.850000000000E-001 7.900000000000E-001 2.383065185981E-003 1.315325836802E-002 2.143822851114E-001 5.625309251930E+000 1.339478790273E+000 4.975664216906E-001
7.900000000000E-001 7.950000000000E-001 8.000000000000E-001 1.933412513181E-003 1.196198876027E-002 1.678680174787E-001 5.453794785426E+000 1.689501058491E+000 5.592473454461E-001
8.000000000000E-001 8.050000000000E-001 8.100000000000E-001 1.493533647017E-003 1.013088366603E-002 1.356681340533E-001 5.182237906013E+000 2.139790740598E+000 6.358634171807E-001
8.100000000000E-001 8.150000000000E-001 8.200000000000E-001 1.268323120635E-003 8.490369758381E-003 1.121952959921E-001 4.811176121436E+000 2.689461323996E+000 7.272400777325E-001
8.200000000000E-001 8.250000000000E-001 8.300000000000E-001 1.178807957658E-003 7.356576708901E-003 9.530558875288E-002 4.327341721258E+000 3.304332683605E+000 8.301678210468E-001
8.300000000000E-001 8.350000000000E-001 8.400000000000E-001 1.099557983154E-003 6.386571446689E-003 8.243437719008E-002 3.777836752085E+000 3.960761980589E+000 9.468852734352E-001
8.400000000000E-001 8.450000000000E-001 8.500000000000E-001 1.163435636993E-003 5.784801464926E-003 7.104068678819E-002 3.185281679996E+000 4.631103568902E+000 1.078083243593E+000
8.500000000000E-001 8.550000000000E-001 8.600000000000E-001 1.111197161508E-003 5.344932320613E-003 6.167080145066E-002 2.603590427708E+000 5.246677221652E+000 1.232418977295E+000
8.600000000000E-001 8.650000000000E-001 8.700000000000E-001 9.660064719598E-004 4.696815755209E-003 5.449636551142E-002 2.099643222238E+000 5.717284100418E+000 1.418709731823E+000
8.700000000000E-001 8.750000000000E-001 8.800000000000E-001 9.070862930448E-004 4.157683839364E-003 4.953490210703E-002 1.669914159520E+000 6.022876361888E+000 1.669252762821E+000
8.800000000000E-001 8.850000000000E-001 8.900000000000E-001 8.869879714121E-004 3.793560602913E-003 4.479311695050E-002 1.313068031902E+000 6.134004951458E+000 1.989207379275E+000
8.900000000000E-001 8.950000000000E-001 9.000000000000E-001 9.863460558220E-004 3.576518857240E-003 4.045521973423E-002 1.021682238971E+000 6.024745154601E+000 2.356045750807E+000
9.000000000000E-001 9.050000000000E-001 9.100000000000E-001 1.209230136494E-003 3.342481295214E-003 3.515250939064E-002 7.845147556288E-001 5.756038491970E+000 2.762135563740E+000
9.100000000000E-001 9.150000000000E-001 9.200000000000E-001 1.459642278434E-003 3.190393057280E-003 3.089901894159E-002 5.943345329255E-001 5.353234140684E+000 3.175878833392E+000
9.200000000000E-001 9.250000000000E-001 9.300000000000E-001 1.691804242510E-003 3.106007397462E-003 2.648931310607E-002 4.530296108969E-001 4.861134789075E+000 3.569107989210E+000
9.300000000000E-001 9.350000000000E-001 9.400000000000E-001 1.857447265995E-003 3.036161485445E-003 2.312655781415E-002 3.475773356037E-001 4.318498216010E+000 3.911657598477E+000
9.400000000000E-001 9.450000000000E-001 9.500000000000E-001 1.801171153803E-003 3.086606626776E-003 2.040372020743E-002 2.675200628357E-001 3.775642181320E+000 4.194369407206E+000
9.500000000000E-001 9.550000000000E-001 9.600000000000E-001 1.644532736140E-003 2.986613107786E-003 1.820693164088E-002 2.085128640135E-001 3.255456240880E+000 4.384052326648E+000
9.600000000000E-001 9.650000000000E-001 9.700000000000E-001 1.371091793511E-003 3.150386847849E-003 1.627848246725E-002 1.622607290275E-001 2.770971904255E+000 4.469096385168E+000
9.700000000000E-001 9.750000000000E-001 9.800000000000E-001 1.000088991521E-003 3.280082643177E-003 1.487315906909E-002 1.284100969858E-001 2.326258827027E+000 4.477427892816E+000
9.800000000000E-001 9.850000000000E-001 9.900000000000E-001 7.511554557720E-004 3.438673501401E-003 1.384957654504E-002 1.043470041794E-001 1.932265035567E+000 4.420845925878E+000
9.900000000000E-001 9.950000000000E-001 1.000000000000E+000 5.823166807540E-004 3.416721554088E-003 1.262646469642E-002 8.693533785173E-002 1.580587724704E+000 4.310694237520E+000
1.000000000000E+000 1.005000000000E+000 1.010000000000E+000 4.621221190249E-004 3.234906488558E-003 1.188616659849E-002 7.328964401683E-002 1.283706343928E+000 4.150615504132E+000
1.010000000000E+000 1.015000000000E+000 1.020000000000E+000 3.834989960880E-004 2.971962444950E-003 1.111526340930E-002 6.280340198915E-002 1.046702568363E+000 3.951509299201E+000
1.020000000000E+000 1.025000000000E+000 1.030000000000E+000 3.788734294670E-004 2.781973598817E-003 1.053621930750E-002 5.447109431288E-002 8.474399406506E-001 3.735504545661E+000
1.030000000000E+000 1.035000000000E+000 1.040000000000E+000 3.430115856108E-004 2.619990598788E-003 9.994305896794E-003 4.788802989666E-002 6.847331773835E-001 3.504324353510E+000
1.040000000000E+000 1.045000000000E+000 1.050000000000E+000 3.217914877756E-004 2.368058324531E-003 9.723520097521E-003 4.328786315939E-002 5.456769778424E-001 3.254649726471E+000
1.050000000000E+000 1.055000000000E+000 1.060000000000E+000 3.531679392516E-004 2.399042054608E-003 9.077982602158E-003 3.941448345733E-002 4.368416856178E-001 2.972742482378E+000
1.060000000000E+000 1.065000000000E+000 1.070000000000E+000 3.558325327970E-004 2.438031246712E-003 8.492759928048E-003 3.605360415659E-002 3.532086440033E-001 2.681061498741E+000
1.070000000000E+000 1.075000000000E+000 1.080000000000E+000 3.712318870363E-004 2.665032996077E-003 8.304291199537E-003 3.310844526614E-002 2.879731935992E-001 2.372933467247E+000
1.080000000000E+000 1.085000000000E+000 1.090000000000E+000 3.643093426616E-004 2.981163144223E-003 8.086024668006E-003 3.039892077508E-002 2.389525104935E-001 2.068819517044E+000
1.090000000000E+000 1.095000000000E+000 1.100000000000E+000 3.368929562747E-004 3.487067203933E-003 7.760824416182E-003 2.728241419922E-002 2.000149026679E-001 1.763924405046E+000
1.100000000000E+000 1.105000000000E+000 1.110000000000E+000 3.302778579114E-004 3.884062582526E-003 7.510008453370E-003 2.484122106110E-002 1.699075434825E-001 1.471797230919E+000
1.110000000000E+000 1.115000000000E+000 1.120000000000E+000 3.578163630469E-004 4.246971820042E-003 7.184465818662E-003 2.327157222090E-002 1.469982496574E-001 1.218981982698E+000
1.120000000000E+000 1.125000000000E+000 1.130000000000E+000 3.418886523898E-004 4.506538067266E-003 6.818267983001E-003 2.179055467199E-002 1.272035454261E-001 1.012114343117E+000
1.130000000000E+000 1.135000000000E+000 1.140000000000E+000 3.432199830953E-004 4.489142468608E-003 6.182683814906E-003 2.023981067239E-002 1.111714181675E-001 8.380867515028E-001
1.140000000000E+000 1.145000000000E+000 1.150000000000E+000 3.207100747822E-004 3.999294132234E-003 5.612410632587E-003 1.887273864038E-002 9.733550544046E-002 6.970372408829E-001
1.150000000000E+000 1.155000000000E+000 1.160000000000E+000 2.582428147160E-004 3.282830873681E-003 5.202419190326E-003 1.749827816377E-002 8.412370887373E-002 5.829250308023E-001
1.160000000000E+000 1.165000000000E+000 1.170000000000E+000 2.234585176862E-004 2.379375373806E-003 4.859311989329E-003 1.590324295599E-002 7.011781930629E-002 4.887133826212E-001
1.170000000000E+000 1.175000000000E+000 1.180000000000E+000 2.308171908537E-004 1.898411249366E-003 4.537043826667E-003 1.445915672315E-002 5.783903081256E-002 4.128309100007E-001
1.180000000000E+000 1.185000000000E+000 1.190000000000E+000 2.260449913751E-004 1.601371582268E-003 4.238409225794E-003 1.293659887137E-002 4.856412772421E-002 3.480946167533E-001
1.190000000000E+000 1.195000000000E+000 1.200000000000E+000 1.999838943397E-004 1.339285020184E-003 3.938561408043E-003 1.154512791864E-002 4.187723463198E-002 2.998109384070E-001
1.200000000000E+000 1.205000000000E+000 1.210000000000E+000 2.048852788060E-004 1.219755297202E-003 3.573658497386E-003 1.039417190813E-002 3.634486206149E-002 2.574295644546E-001
1.210000000000E+000 1.215000000000E+000 1.220000000000E+000 2.410417302952E-004 1.099960690580E-003 3.412490819970E-003 1.016585004098E-002 3.273588094689E-002 2.216198787153E-001
1.220000000000E+000 1.225000000000E+000 1.230000000000E+000 2.291535037428E-004 1.070601929680E-003 3.248438963666E-003 1.005878812171E-002 2.948642280153E-002 1.906889944783E-001
1.230000000000E+000 1.235000000000E+000 1.240000000000E+000 1.764685027076E-004 9.969349111713E-004 3.089270754171E-003 1.012554654478E-002 2.635996601834E-002 1.623189230134E-001
1.240000000000E+000 1.245000000000E+000 1.250000000000E+000 1.233096953887E-004 8.263278212979E-004 2.831811862633E-003 9.846642383921E-003 2.401487340780E-002 1.393887995101E-001
1.250000000000E+000 1.255000000000E+000 1.260000000000E+000 1.027219579704E-004 7.605952492718E-004 2.379285408518E-003 9.465682546067E-003 2.201872663141E-002 1.218248615159E-001
1.260000000000E+000 1.265000000000E+000 1.270000000000E+000 9.988340346641E-005 6.702792792587E-004 2.038387232162E-003 9.036292619326E-003 2.042095097069E-002 1.074737789090E-001
1.270000000000E+000 1.275000000000E+000 1.280000000000E+000 9.165931914393E-005 6.018699596287E-004 1.777871184320E-003 8.429605944405E-003 1.920342318063E-002 9.743320072108E-002
1.280000000000E+000 1.285000000000E+000 1.290000000000E+000 7.062969162883E-005 6.122498651159E-004 1.508566462129E-003 8.157940864306E-003 1.820626356553E-002 8.944289874946E-002
1.290000000000E+000 1.295000000000E+000 1.300000000000E+000 7.856240021762E-005 5.366720615275E-004 1.362586613052E-003 7.682531942045E-003 1.731718322495E-002 8.272559472942E-002
1.300000000000E+000 1.305000000000E+000 1.310000000000E+000 8.938422917083E-005 5.616459986441E-004 1.304114138928E-003 7.287663877132E-003 1.707219719380E-002 7.605839566470E-002
1.310000000000E+000 1.315000000000E+000 1.320000000000E+000 8.879022236782E-005 5.548947597228E-004 1.313938439872E-003 6.907504786835E-003 1.679972958329E-002 7.103469747687E-002
1.320000000000E+000 1.325000000000E+000 1.330000000000E+000 7.827890131905E-005 5.461722957613E-004 1.242093901953E-003 6.462632712795E-003 1.569140396528E-002 6.688074582872E-002
1.330000000000E+000 1.335000000000E+000 1.340000000000E+000 7.789715634424E-005 5.394593677263E-004 1.278538032346E-003 6.180744432025E-003 1.475951885331E-002 6.373561682991E-002
1.340000000000E+000 1.345000000000E+000 1.350000000000E+000 8.841804572487E-005 5.439868811381E-004 1.341862593046E-003 5.888757275534E-003 1.290067909001E-002 6.012995999056E-002
1.350000000000E+000 1.355000000000E+000 1.360000000000E+000 7.949742772383E-005 5.198527176565E-004 1.311079988093E-003 5.193275240134E-003 1.174401968398E-002 5.569704458931E-002
1.360000000000E+000 1.365000000000E+000 1.370000000000E+000 9.025215782722E-005 5.591462877208E-004 1.404617800550E-003 4.530113797420E-003 1.045295068268E-002 5.201266118932E-002
1.370000000000E+000 1.375000000000E+000 1.380000000000E+000 9.804335527129E-005 5.135192965974E-004 1.359130329396E-003 4.092634620263E-003 9.501084556188E-003 4.846432253918E-002
1.380000000000E+000 1.385000000000E+000 1.390000000000E+000 9.334246132775E-005 4.700217189021E-004 1.414442495729E-003 3.797765627086E-003 8.467992138966E-003 4.536654659873E-002
1.390000000000E+000 1.395000000000E+000 1.400000000000E+000 7.659782284182E-005 3.824060195166E-004 1.512458137679E-003 3.552921356030E-003 7.558931615752E-003 4.257724560076E-002
1.400000000000E+000 1.405000000000E+000 1.410000000000E+000 8.484004836204E-005 4.077727406550E-004 1.710788429591E-003 3.296447249491E-003 7.497902858136E-003 4.031789825284E-002
1.410000000000E+000 1.415000000000E+000 1.420000000000E+000 9.048514724646E-005 3.514415048716E-004 1.956692651017E-003 3.075497159904E-003 7.175987614959E-003 3.760754542215E-002
1.420000000000E+000 1.425000000000E+000 1.430000000000E+000 6.389637594533E-005 3.261126517861E-004 1.924871630524E-003 2.551945930963E-003 7.022122890450E-003 3.444975156305E-002
1.430000000000E+000 1.435000000000E+000 1.440000000000E+000 5.846172599735E-005 3.408482343405E-004 1.907371839900E-003 2.446296054999E-003 6.912263281763E-003 3.140088636018E-002
1.440000000000E+000 1.445000000000E+000 1.450000000000E+000 7.002813744152E-005 3.180306296780E-004 1.892104810484E-003 2.326123975007E-003 6.602893890406E-003 2.827545331248E-002
1.450000000000E+000 1.455000000000E+000 1.460000000000E+000 6.558936473216E-005 2.927786468393E-004 1.758246162624E-003 2.448529944700E-003 6.140202534424E-003 2.518324048472E-002
1.460000000000E+000 1.465000000000E+000 1.470000000000E+000 5.218441022052E-005 2.727736998636E-004 1.645970821743E-003 2.598050473492E-003 5.743226191639E-003 2.293292117323E-002
1.470000000000E+000 1.475000000000E+000 1.480000000000E+000 6.182479905491E-005 2.690566175969E-004 1.702325979760E-003 2.723644606805E-003 5.252005902988E-003 2.080801562474E-002
1.480000000000E+000 1.485000000000E+000 1.490000000000E+000 6.429782364757E-005 2.262788488070E-004 1.764539314731E-003 2.730478186924E-003 5.025900257639E-003 1.924304486360E-002
1.490000000000E+000 1.495000000000E+000 1.500000000000E+000 5.629318493735E-005 2.426069219792E-004 1.941706915705E-003 2.800989917491E-003 4.742736809697E-003 1.775722671366E-002
1.500000000000E+000 1.505000000000E+000 1.510000000000E+000 6.332312078362E-005 2.253211391170E-004 1.918545225579E-003 2.787089893322E-003 4.580612008632E-003 1.635780121168E-002
1.510000000000E+000 1.515000000000E+000 1.520000000000E+000 5.196466279557E-005 2.198855052860E-004 1.832686240226E-003 2.753170978774E-003 4.200846989270E-003 1.477221715541E-002
1.520000000000E+000 1.525000000000E+000 1.530000000000E+000 5.931941968257E-005 2.073986735712E-004 1.488572334073E-003 2.819771870433E-003 3.940709200644E-003 1.351183785574E-002
1.530000000000E+000 1.535000000000E+000 1.540000000000E+000 7.750269434372E-005 2.488055738355E-004 1.243389137587E-003 2.965003948852E-003 3.793910093942E-003 1.254038087679E-002
1.540000000000E+000 1.545000000000E+000 1.550000000000E+000 7.118642614131E-005 1.752010473347E-004 9.786320206089E-004 3.124171358705E-003 3.559081199625E-003 1.142576406158E-002
1.550000000000E+000 1.555000000000E+000 1.560000000000E+000 9.554699221003E-005 2.812760898630E-004 8.051728348967E-004 3.298309018147E-003 3.358286241147E-003 1.023506347751E-002
1.560000000000E+000 1.565000000000E+000 1.570000000000E+000 7.788512176420E-005 1.508072556602E-004 6.241691902308E-004 3.720420918331E-003 3.098347010034E-003 9.317127327566E-003
1.570000000000E+000 1.575000000000E+000 1.580000000000E+000 6.814380986227E-005 2.240238719060E-004 5.587868539421E-004 4.165200694751E-003 3.030250542572E-003 8.194942132283E-003
1.580000000000E+000 1.585000000000E+000 1.590000000000E+000 1.128189773056E-004 3.976747506431E-004 6.754728887162E-004 4.859591714953E-003 2.926198797364E-003 7.275828885409E-003
1.590000000000E+000 1.595000000000E+000 1.600000000000E+000 0.000000000000E+000 0.000000000000E+000 0.000000000000E+000 0.000000000000E+000 0.000000000000E+000 0.000000000000E+000
1.600000000000E+000 1.605000000000E+000 1.610000000000E+000 0.000000000000E+000 0.000000000000E+000 0.000000000000E+000 0.000000000000E+000 0.000000000000E+000 0.000000000000E+000
1.610000000000E+000 1.615000000000E+000 1.620000000000E+000 0.000000000000E+000 0.000000000000E+000 0.000000000000E+000 0.000000000000E+000 0.000000000000E+000 0.000000000000E+000
1.620000000000E+000 1.625000000000E+000 1.630000000000E+000 0.000000000000E+000 0.000000000000E+000 0.000000000000E+000 0.000000000000E+000 0.000000000000E+000 0.000000000000E+000
1.630000000000E+000 1.635000000000E+000 1.640000000000E+000 0.000000000000E+000 0.000000000000E+000 0.000000000000E+000 0.000000000000E+000 0.000000000000E+000 0.000000000000E+000
1.640000000000E+000 1.645000000000E+000 1.650000000000E+000 0.000000000000E+000 0.000000000000E+000 0.000000000000E+000 0.000000000000E+000 0.000000000000E+000 0.000000000000E+000
1.650000000000E+000 1.655000000000E+000 1.660000000000E+000 0.000000000000E+000 0.000000000000E+000 0.000000000000E+000 0.000000000000E+000 0.000000000000E+000 0.000000000000E+000
1.660000000000E+000 1.665000000000E+000 1.670000000000E+000 0.000000000000E+000 0.000000000000E+000 0.000000000000E+000 0.000000000000E+000 0.000000000000E+000 0.000000000000E+000
1.670000000000E+000 1.675000000000E+000 1.680000000000E+000 0.000000000000E+000 0.000000000000E+000 0.000000000000E+000 0.000000000000E+000 0.000000000000E+000 0.000000000000E+000
1.680000000000E+000 1.685000000000E+000 1.690000000000E+000 0.000000000000E+000 0.000000000000E+000 0.000000000000E+000 0.000000000000E+000 0.000000000000E+000 0.000000000000E+000
1.690000000000E+000 1.695000000000E+000 1.700000000000E+000 0.000000000000E+000 0.000000000000E+000 0.000000000000E+000 0.000000000000E+000 0.000000000000E+000 0.000000000000E+000
1.700000000000E+000 1.705000000000E+000 1.710000000000E+000 0.000000000000E+000 0.000000000000E+000 0.000000000000E+000 0.000000000000E+000 0.000000000000E+000 0.000000000000E+000
1.710000000000E+000 1.715000000000E+000 1.720000000000E+000 0.000000000000E+000 0.000000000000E+000 0.000000000000E+000 0.000000000000E+000 0.000000000000E+000 0.000000000000E+000
1.720000000000E+000 1.725000000000E+000 1.730000000000E+000 0.000000000000E+000 0.000000000000E+000 0.000000000000E+000 0.000000000000E+000 0.000000000000E+000 0.000000000000E+000
1.730000000000E+000 1.735000000000E+000 1.740000000000E+000 0.000000000000E+000 0.000000000000E+000 0.000000000000E+000 0.000000000000E+000 0.000000000000E+000 0.000000000000E+000
1.740000000000E+000 1.745000000000E+000 1.750000000000E+000 0.000000000000E+000 0.000000000000E+000 0.000000000000E+000 0.000000000000E+000 0.000000000000E+000 0.000000000000E+000
1.750000000000E+000 1.755000000000E+000 1.760000000000E+000 0.000000000000E+000 0.000000000000E+000 0.000000000000E+000 0.000000000000E+000 0.000000000000E+000 0.000000000000E+000
1.760000000000E+000 1.765000000000E+000 1.770000000000E+000 0.000000000000E+000 0.000000000000E+000 0.000000000000E+000 0.000000000000E+000 0.000000000000E+000 0.000000000000E+000
1.770000000000E+000 1.775000000000E+000 1.780000000000E+000 0.000000000000E+000 0.000000000000E+000 0.000000000000E+000 0.000000000000E+000 0.000000000000E+000 0.000000000000E+000
1.780000000000E+000 1.785000000000E+000 1.790000000000E+000 0.000000000000E+000 0.000000000000E+000 0.000000000000E+000 0.000000000000E+000 0.000000000000E+000 0.000000000000E+000
1.790000000000E+000 1.795000000000E+000 1.800000000000E+000 0.000000000000E+000 0.000000000000E+000 0.000000000000E+000 0.000000000000E+000 0.000000000000E+000 0.000000000000E+000
1.800000000000E+000 1.805000000000E+000 1.810000000000E+000 0.000000000000E+000 0.000000000000E+000 0.000000000000E+000 0.000000000000E+000 0.000000000000E+000 0.000000000000E+000
1.810000000000E+000 1.815000000000E+000 1.820000000000E+000 0.000000000000E+000 0.000000000000E+000 0.000000000000E+000 0.000000000000E+000 0.000000000000E+000 0.000000000000E+000
1.820000000000E+000 1.825000000000E+000 1.830000000000E+000 0.000000000000E+000 0.000000000000E+000 0.000000000000E+000 0.000000000000E+000 0.000000000000E+000 0.000000000000E+000
1.830000000000E+000 1.835000000000E+000 1.840000000000E+000 0.000000000000E+000 0.000000000000E+000 0.000000000000E+000 0.000000000000E+000 0.000000000000E+000 0.000000000000E+000
1.840000000000E+000 1.845000000000E+000 1.850000000000E+000 0.000000000000E+000 0.000000000000E+000 0.000000000000E+000 0.000000000000E+000 0.000000000000E+000 0.000000000000E+000
1.850000000000E+000 1.855000000000E+000 1.860000000000E+000 0.000000000000E+000 0.000000000000E+000 0.000000000000E+000 0.000000000000E+000 0.000000000000E+000 0.000000000000E+000
1.860000000000E+000 1.865000000000E+000 1.870000000000E+000 0.000000000000E+000 0.000000000000E+000 0.000000000000E+000 0.000000000000E+000 0.000000000000E+000 0.000000000000E+000
1.870000000000E+000 1.875000000000E+000 1.880000000000E+000 0.000000000000E+000 0.000000000000E+000 0.000000000000E+000 0.000000000000E+000 0.000000000000E+000 0.000000000000E+000
1.880000000000E+000 1.885000000000E+000 1.890000000000E+000 0.000000000000E+000 0.000000000000E+000 0.000000000000E+000 0.000000000000E+000 0.000000000000E+000 0.000000000000E+000
1.890000000000E+000 1.895000000000E+000 1.900000000000E+000 0.000000000000E+000 0.000000000000E+000 0.000000000000E+000 0.000000000000E+000 0.000000000000E+000 0.000000000000E+000
1.900000000000E+000 1.905000000000E+000 1.910000000000E+000 0.000000000000E+000 0.000000000000E+000 0.000000000000E+000 0.000000000000E+000 0.000000000000E+000 0.000000000000E+000
1.910000000000E+000 1.915000000000E+000 1.920000000000E+000 0.000000000000E+000 0.000000000000E+000 0.000000000000E+000 0.000000000000E+000 0.000000000000E+000 0.000000000000E+000
1.920000000000E+000 1.925000000000E+000 1.930000000000E+000 0.000000000000E+000 0.000000000000E+000 0.000000000000E+000 0.000000000000E+000 0.000000000000E+000 0.000000000000E+000
1.930000000000E+000 1.935000000000E+000 1.940000000000E+000 0.000000000000E+000 0.000000000000E+000 0.000000000000E+000 0.000000000000E+000 0.000000000000E+000 0.000000000000E+000
1.940000000000E+000 1.945000000000E+000 1.950000000000E+000 0.000000000000E+000 0.000000000000E+000 0.000000000000E+000 0.000000000000E+000 0.000000000000E+000 0.000000000000E+000
1.950000000000E+000 1.955000000000E+000 1.960000000000E+000 0.000000000000E+000 0.000000000000E+000 0.000000000000E+000 0.000000000000E+000 0.000000000000E+000 0.000000000000E+000
1.960000000000E+000 1.965000000000E+000 1.970000000000E+000 0.000000000000E+000 0.000000000000E+000 0.000000000000E+000 0.000000000000E+000 0.000000000000E+000 0.000000000000E+000
1.970000000000E+000 1.975000000000E+000 1.980000000000E+000 0.000000000000E+000 0.000000000000E+000 0.000000000000E+000 0.000000000000E+000 0.000000000000E+000 0.000000000000E+000
1.980000000000E+000 1.985000000000E+000 1.990000000000E+000 0.000000000000E+000 0.000000000000E+000 0.000000000000E+000 0.000000000000E+000 0.000000000000E+000 0.000000000000E+000
1.990000000000E+000 1.995000000000E+000 2.000000000000E+000 0.000000000000E+000 0.000000000000E+000 0.000000000000E+000 0.000000000000E+000 0.000000000000E+000 0.000000000000E+000
2.000000000000E+000 2.005000000000E+000 2.010000000000E+000 0.000000000000E+000 0.000000000000E+000 0.000000000000E+000 0.000000000000E+000 0.000000000000E+000 0.000000000000E+000
2.010000000000E+000 2.015000000000E+000 2.020000000000E+000 0.000000000000E+000 0.000000000000E+000 0.000000000000E+000 0.000000000000E+000 0.000000000000E+000 0.000000000000E+000
2.020000000000E+000 2.025000000000E+000 2.030000000000E+000 0.000000000000E+000 0.000000000000E+000 0.000000000000E+000 0.000000000000E+000 0.000000000000E+000 0.000000000000E+000
2.030000000000E+000 2.035000000000E+000 2.040000000000E+000 0.000000000000E+000 0.000000000000E+000 0.000000000000E+000 0.000000000000E+000 0.000000000000E+000 0.000000000000E+000
2.040000000000E+000 2.045000000000E+000 2.050000000000E+000 0.000000000000E+000 0.000000000000E+000 0.000000000000E+000 0.000000000000E+000 0.000000000000E+000 0.000000000000E+000
2.050000000000E+000 2.055000000000E+000 2.060000000000E+000 0.000000000000E+000 0.000000000000E+000 0.000000000000E+000 0.000000000000E+000 0.000000000000E+000 0.000000000000E+000
2.060000000000E+000 2.065000000000E+000 2.070000000000E+000 0.000000000000E+000 0.000000000000E+000 0.000000000000E+000 0.000000000000E+000 0.000000000000E+000 0.000000000000E+000
2.070000000000E+000 2.075000000000E+000 2.080000000000E+000 0.000000000000E+000 0.000000000000E+000 0.000000000000E+000 0.000000000000E+000 0.000000000000E+000 0.000000000000E+000
2.080000000000E+000 2.085000000000E+000 2.090000000000E+000 0.000000000000E+000 0.000000000000E+000 0.000000000000E+000 0.000000000000E+000 0.000000000000E+000 0.000000000000E+000
2.090000000000E+000 2.095000000000E+000 2.100000000000E+000 0.000000000000E+000 0.000000000000E+000 0.000000000000E+000 0.000000000000E+000 0.000000000000E+000 0.000000000000E+000
2.100000000000E+000 2.105000000000E+000 2.110000000000E+000 0.000000000000E+000 0.000000000000E+000 0.000000000000E+000 0.000000000000E+000 0.000000000000E+000 0.000000000000E+000
2.110000000000E+000 2.115000000000E+000 2.120000000000E+000 0.000000000000E+000 0.000000000000E+000 0.000000000000E+000 0.000000000000E+000 0.000000000000E+000 0.000000000000E+000
2.120000000000E+000 2.125000000000E+000 2.130000000000E+000 0.000000000000E+000 0.000000000000E+000 0.000000000000E+000 0.000000000000E+000 0.000000000000E+000 0.000000000000E+000
2.130000000000E+000 2.135000000000E+000 2.140000000000E+000 0.000000000000E+000 0.000000000000E+000 0.000000000000E+000 0.000000000000E+000 0.000000000000E+000 0.000000000000E+000
2.140000000000E+000 2.145000000000E+000 2.150000000000E+000 0.000000000000E+000 0.000000000000E+000 0.000000000000E+000 0.000000000000E+000 0.000000000000E+000 0.000000000000E+000
2.150000000000E+000 2.155000000000E+000 2.160000000000E+000 0.000000000000E+000 0.000000000000E+000 0.000000000000E+000 0.000000000000E+000 0.000000000000E+000 0.000000000000E+000
2.160000000000E+000 2.165000000000E+000 2.170000000000E+000 0.000000000000E+000 0.000000000000E+000 0.000000000000E+000 0.000000000000E+000 0.000000000000E+000 0.000000000000E+000
2.170000000000E+000 2.175000000000E+000 2.180000000000E+000 0.000000000000E+000 0.000000000000E+000 0.000000000000E+000 0.000000000000E+000 0.000000000000E+000 0.000000000000E+000
2.180000000000E+000 2.185000000000E+000 2.190000000000E+000 0.000000000000E+000 0.000000000000E+000 0.000000000000E+000 0.000000000000E+000 0.000000000000E+000 0.000000000000E+000
2.190000000000E+000 2.195000000000E+000 2.200000000000E+000 0.000000000000E+000 0.000000000000E+000 0.000000000000E+000 0.000000000000E+000 0.000000000000E+000 0.000000000000E+000
2.200000000000E+000 2.205000000000E+000 2.210000000000E+000 0.000000000000E+000 0.000000000000E+000 0.000000000000E+000 0.000000000000E+000 0.000000000000E+000 0.000000000000E+000
2.210000000000E+000 2.215000000000E+000 2.220000000000E+000 0.000000000000E+000 0.000000000000E+000 0.000000000000E+000 0.000000000000E+000 0.000000000000E+000 0.000000000000E+000
2.220000000000E+000 2.225000000000E+000 2.230000000000E+000 0.000000000000E+000 0.000000000000E+000 0.000000000000E+000 0.000000000000E+000 0.000000000000E+000 0.000000000000E+000
2.230000000000E+000 2.235000000000E+000 2.240000000000E+000 0.000000000000E+000 0.000000000000E+000 0.000000000000E+000 0.000000000000E+000 0.000000000000E+000 0.000000000000E+000
2.240000000000E+000 2.245000000000E+000 2.250000000000E+000 0.000000000000E+000 0.000000000000E+000 0.000000000000E+000 0.000000000000E+000 0.000000000000E+000 0.000000000000E+000
2.250000000000E+000 2.255000000000E+000 2.260000000000E+000 0.000000000000E+000 0.000000000000E+000 0.000000000000E+000 0.000000000000E+000 0.000000000000E+000 0.000000000000E+000
2.260000000000E+000 2.265000000000E+000 2.270000000000E+000 0.000000000000E+000 0.000000000000E+000 0.000000000000E+000 0.000000000000E+000 0.000000000000E+000 0.000000000000E+000
2.270000000000E+000 2.275000000000E+000 2.280000000000E+000 0.000000000000E+000 0.000000000000E+000 0.000000000000E+000 0.000000000000E+000 0.000000000000E+000 0.000000000000E+000
2.280000000000E+000 2.285000000000E+000 2.290000000000E+000 0.000000000000E+000 0.000000000000E+000 0.000000000000E+000 0.000000000000E+000 0.000000000000E+000 0.000000000000E+000
2.290000000000E+000 2.295000000000E+000 2.300000000000E+000 0.000000000000E+000 0.000000000000E+000 0.000000000000E+000 0.000000000000E+000 0.000000000000E+000 0.000000000000E+000
2.300000000000E+000 2.305000000000E+000 2.310000000000E+000 0.000000000000E+000 0.000000000000E+000 0.000000000000E+000 0.000000000000E+000 0.000000000000E+000 0.000000000000E+000
2.310000000000E+000 2.315000000000E+000 2.320000000000E+000 0.000000000000E+000 0.000000000000E+000 0.000000000000E+000 0.000000000000E+000 0.000000000000E+000 0.000000000000E+000
2.320000000000E+000 2.325000000000E+000 2.330000000000E+000 0.000000000000E+000 0.000000000000E+000 0.000000000000E+000 0.000000000000E+000 0.000000000000E+000 0.000000000000E+000
2.330000000000E+000 2.335000000000E+000 2.340000000000E+000 0.000000000000E+000 0.000000000000E+000 0.000000000000E+000 0.000000000000E+000 0.000000000000E+000 0.000000000000E+000
2.340000000000E+000 2.345000000000E+000 2.350000000000E+000 0.000000000000E+000 0.000000000000E+000 0.000000000000E+000 0.000000000000E+000 0.000000000000E+000 0.000000000000E+000
2.350000000000E+000 2.355000000000E+000 2.360000000000E+000 0.000000000000E+000 0.000000000000E+000 0.000000000000E+000 0.000000000000E+000 0.000000000000E+000 0.000000000000E+000
2.360000000000E+000 2.365000000000E+000 2.370000000000E+000 0.000000000000E+000 0.000000000000E+000 0.000000000000E+000 0.000000000000E+000 0.000000000000E+000 0.000000000000E+000
2.370000000000E+000 2.375000000000E+000 2.380000000000E+000 0.000000000000E+000 0.000000000000E+000 0.000000000000E+000 0.000000000000E+000 0.000000000000E+000 0.000000000000E+000
2.380000000000E+000 2.385000000000E+000 2.390000000000E+000 0.000000000000E+000 0.000000000000E+000 0.000000000000E+000 0.000000000000E+000 0.000000000000E+000 0.000000000000E+000
2.390000000000E+000 2.395000000000E+000 2.400000000000E+000 0.000000000000E+000 0.000000000000E+000 0.000000000000E+000 0.000000000000E+000 0.000000000000E+000 0.000000000000E+000
2.400000000000E+000 2.405000000000E+000 2.410000000000E+000 0.000000000000E+000 0.000000000000E+000 0.000000000000E+000 0.000000000000E+000 0.000000000000E+000 0.000000000000E+000
2.410000000000E+000 2.415000000000E+000 2.420000000000E+000 0.000000000000E+000 0.000000000000E+000 0.000000000000E+000 0.000000000000E+000 0.000000000000E+000 0.000000000000E+000
2.420000000000E+000 2.425000000000E+000 2.430000000000E+000 0.000000000000E+000 0.000000000000E+000 0.000000000000E+000 0.000000000000E+000 0.000000000000E+000 0.000000000000E+000
2.430000000000E+000 2.435000000000E+000 2.440000000000E+000 0.000000000000E+000 0.000000000000E+000 0.000000000000E+000 0.000000000000E+000 0.000000000000E+000 0.000000000000E+000
2.440000000000E+000 2.445000000000E+000 2.450000000000E+000 0.000000000000E+000 0.000000000000E+000 0.000000000000E+000 0.000000000000E+000 0.000000000000E+000 0.000000000000E+000
2.450000000000E+000 2.455000000000E+000 2.460000000000E+000 0.000000000000E+000 0.000000000000E+000 0.000000000000E+000 0.000000000000E+000 0.000000000000E+000 0.000000000000E+000
2.460000000000E+000 2.465000000000E+000 2.470000000000E+000 0.000000000000E+000 0.000000000000E+000 0.000000000000E+000 0.000000000000E+000 0.000000000000E+000 0.000000000000E+000
2.470000000000E+000 2.475000000000E+000 2.480000000000E+000 0.000000000000E+000 0.000000000000E+000 0.000000000000E+000 0.000000000000E+000 0.000000000000E+000 0.000000000000E+000
2.480000000000E+000 2.485000000000E+000 2.490000000000E+000 0.000000000000E+000 0.000000000000E+000 0.000000000000E+000 0.000000000000E+000 0.000000000000E+000 0.000000000000E+000
2.490000000000E+000 2.495000000000E+000 2.500000000000E+000 0.000000000000E+000 0.000000000000E+000 0.000000000000E+000 0.000000000000E+000 0.000000000000E+000 0.000000000000E+000
2.500000000000E+000 2.505000000000E+000 2.510000000000E+000 0.000000000000E+000 0.000000000000E+000 0.000000000000E+000 0.000000000000E+000 0.000000000000E+000 0.000000000000E+000
2.510000000000E+000 2.515000000000E+000 2.520000000000E+000 0.000000000000E+000 0.000000000000E+000 0.000000000000E+000 0.000000000000E+000 0.000000000000E+000 0.000000000000E+000
2.520000000000E+000 2.525000000000E+000 2.530000000000E+000 0.000000000000E+000 0.000000000000E+000 0.000000000000E+000 0.000000000000E+000 0.000000000000E+000 0.000000000000E+000
2.530000000000E+000 2.535000000000E+000 2.540000000000E+000 0.000000000000E+000 0.000000000000E+000 0.000000000000E+000 0.000000000000E+000 0.000000000000E+000 0.000000000000E+000
2.540000000000E+000 2.545000000000E+000 2.550000000000E+000 0.000000000000E+000 0.000000000000E+000 0.000000000000E+000 0.000000000000E+000 0.000000000000E+000 0.000000000000E+000
2.550000000000E+000 2.555000000000E+000 2.560000000000E+000 0.000000000000E+000 0.000000000000E+000 0.000000000000E+000 0.000000000000E+000 0.000000000000E+000 0.000000000000E+000
2.560000000000E+000 2.565000000000E+000 2.570000000000E+000 0.000000000000E+000 0.000000000000E+000 0.000000000000E+000 0.000000000000E+000 0.000000000000E+000 0.000000000000E+000
2.570000000000E+000 2.575000000000E+000 2.580000000000E+000 0.000000000000E+000 0.000000000000E+000 0.000000000000E+000 0.000000000000E+000 0.000000000000E+000 0.000000000000E+000
2.580000000000E+000 2.585000000000E+000 2.590000000000E+000 0.000000000000E+000 0.000000000000E+000 0.000000000000E+000 0.000000000000E+000 0.000000000000E+000 0.000000000000E+000
2.590000000000E+000 2.595000000000E+000 2.600000000000E+000 0.000000000000E+000 0.000000000000E+000 0.000000000000E+000 0.000000000000E+000 0.000000000000E+000 0.000000000000E+000
2.600000000000E+000 2.605000000000E+000 2.610000000000E+000 0.000000000000E+000 0.000000000000E+000 0.000000000000E+000 0.000000000000E+000 0.000000000000E+000 0.000000000000E+000
2.610000000000E+000 2.615000000000E+000 2.620000000000E+000 0.000000000000E+000 0.000000000000E+000 0.000000000000E+000 0.000000000000E+000 0.000000000000E+000 0.000000000000E+000
2.620000000000E+000 2.625000000000E+000 2.630000000000E+000 0.000000000000E+000 0.000000000000E+000 0.000000000000E+000 0.000000000000E+000 0.000000000000E+000 0.000000000000E+000
2.630000000000E+000 2.635000000000E+000 2.640000000000E+000 0.000000000000E+000 0.000000000000E+000 0.000000000000E+000 0.000000000000E+000 0.000000000000E+000 0.000000000000E+000
2.640000000000E+000 2.645000000000E+000 2.650000000000E+000 0.000000000000E+000 0.000000000000E+000 0.000000000000E+000 0.000000000000E+000 0.000000000000E+000 0.000000000000E+000
2.650000000000E+000 2.655000000000E+000 2.660000000000E+000 0.000000000000E+000 0.000000000000E+000 0.000000000000E+000 0.000000000000E+000 0.000000000000E+000 0.000000000000E+000
2.660000000000E+000 2.665000000000E+000 2.670000000000E+000 0.000000000000E+000 0.000000000000E+000 0.000000000000E+000 0.000000000000E+000 0.000000000000E+000 0.000000000000E+000
2.670000000000E+000 2.675000000000E+000 2.680000000000E+000 0.000000000000E+000 0.000000000000E+000 0.000000000000E+000 0.000000000000E+000 0.000000000000E+000 0.000000000000E+000
2.680000000000E+000 2.685000000000E+000 2.690000000000E+000 0.000000000000E+000 0.000000000000E+000 0.000000000000E+000 0.000000000000E+000 0.000000000000E+000 0.000000000000E+000
2.690000000000E+000 2.695000000000E+000 2.700000000000E+000 0.000000000000E+000 0.000000000000E+000 0.000000000000E+000 0.000000000000E+000 0.000000000000E+000 0.000000000000E+000
2.700000000000E+000 2.705000000000E+000 2.710000000000E+000 0.000000000000E+000 0.000000000000E+000 0.000000000000E+000 0.000000000000E+000 0.000000000000E+000 0.000000000000E+000
2.710000000000E+000 2.715000000000E+000 2.720000000000E+000 0.000000000000E+000 0.000000000000E+000 0.000000000000E+000 0.000000000000E+000 0.000000000000E+000 0.000000000000E+000
2.720000000000E+000 2.725000000000E+000 2.730000000000E+000 0.000000000000E+000 0.000000000000E+000 0.000000000000E+000 0.000000000000E+000 0.000000000000E+000 0.000000000000E+000
2.730000000000E+000 2.735000000000E+000 2.740000000000E+000 0.000000000000E+000 0.000000000000E+000 0.000000000000E+000 0.000000000000E+000 0.000000000000E+000 0.000000000000E+000
2.740000000000E+000 2.745000000000E+000 2.750000000000E+000 0.000000000000E+000 0.000000000000E+000 0.000000000000E+000 0.000000000000E+000 0.000000000000E+000 0.000000000000E+000
2.750000000000E+000 2.755000000000E+000 2.760000000000E+000 0.000000000000E+000 0.000000000000E+000 0.000000000000E+000 0.000000000000E+000 0.000000000000E+000 0.000000000000E+000
2.760000000000E+000 2.765000000000E+000 2.770000000000E+000 0.000000000000E+000 0.000000000000E+000 0.000000000000E+000 0.000000000000E+000 0.000000000000E+000 0.000000000000E+000
2.770000000000E+000 2.775000000000E+000 2.780000000000E+000 0.000000000000E+000 0.000000000000E+000 0.000000000000E+000 0.000000000000E+000 0.000000000000E+000 0.000000000000E+000
2.780000000000E+000 2.785000000000E+000 2.790000000000E+000 0.000000000000E+000 0.000000000000E+000 0.000000000000E+000 0.000000000000E+000 0.000000000000E+000 0.000000000000E+000
2.790000000000E+000 2.795000000000E+000 2.800000000000E+000 0.000000000000E+000 0.000000000000E+000 0.000000000000E+000 0.000000000000E+000 0.000000000000E+000 0.000000000000E+000
2.800000000000E+000 2.805000000000E+000 2.810000000000E+000 0.000000000000E+000 0.000000000000E+000 0.000000000000E+000 0.000000000000E+000 0.000000000000E+000 0.000000000000E+000
2.810000000000E+000 2.815000000000E+000 2.820000000000E+000 0.000000000000E+000 0.000000000000E+000 0.000000000000E+000 0.000000000000E+000 0.000000000000E+000 0.000000000000E+000
2.820000000000E+000 2.825000000000E+000 2.830000000000E+000 0.000000000000E+000 0.000000000000E+000 0.000000000000E+000 0.000000000000E+000 0.000000000000E+000 0.000000000000E+000
2.830000000000E+000 2.835000000000E+000 2.840000000000E+000 0.000000000000E+000 0.000000000000E+000 0.000000000000E+000 0.000000000000E+000 0.000000000000E+000 0.000000000000E+000
2.840000000000E+000 2.845000000000E+000 2.850000000000E+000 0.000000000000E+000 0.000000000000E+000 0.000000000000E+000 0.000000000000E+000 0.000000000000E+000 0.000000000000E+000
2.850000000000E+000 2.855000000000E+000 2.860000000000E+000 0.000000000000E+000 0.000000000000E+000 0.000000000000E+000 0.000000000000E+000 0.000000000000E+000 0.000000000000E+000
2.860000000000E+000 2.865000000000E+000 2.870000000000E+000 0.000000000000E+000 0.000000000000E+000 0.000000000000E+000 0.000000000000E+000 0.000000000000E+000 0.000000000000E+000
2.870000000000E+000 2.875000000000E+000 2.880000000000E+000 0.000000000000E+000 0.000000000000E+000 0.000000000000E+000 0.000000000000E+000 0.000000000000E+000 0.000000000000E+000
2.880000000000E+000 2.885000000000E+000 2.890000000000E+000 0.000000000000E+000 0.000000000000E+000 0.000000000000E+000 0.000000000000E+000 0.000000000000E+000 0.000000000000E+000
2.890000000000E+000 2.895000000000E+000 2.900000000000E+000 0.000000000000E+000 0.000000000000E+000 0.000000000000E+000 0.000000000000E+000 0.000000000000E+000 0.000000000000E+000
2.900000000000E+000 2.905000000000E+000 2.910000000000E+000 0.000000000000E+000 0.000000000000E+000 0.000000000000E+000 0.000000000000E+000 0.000000000000E+000 0.000000000000E+000
2.910000000000E+000 2.915000000000E+000 2.920000000000E+000 0.000000000000E+000 0.000000000000E+000 0.000000000000E+000 0.000000000000E+000 0.000000000000E+000 0.000000000000E+000
2.920000000000E+000 2.925000000000E+000 2.930000000000E+000 0.000000000000E+000 0.000000000000E+000 0.000000000000E+000 0.000000000000E+000 0.000000000000E+000 0.000000000000E+000
2.930000000000E+000 2.935000000000E+000 2.940000000000E+000 0.000000000000E+000 0.000000000000E+000 0.000000000000E+000 0.000000000000E+000 0.000000000000E+000 0.000000000000E+000
2.940000000000E+000 2.945000000000E+000 2.950000000000E+000 0.000000000000E+000 0.000000000000E+000 0.000000000000E+000 0.000000000000E+000 0.000000000000E+000 0.000000000000E+000
2.950000000000E+000 2.955000000000E+000 2.960000000000E+000 0.000000000000E+000 0.000000000000E+000 0.000000000000E+000 0.000000000000E+000 0.000000000000E+000 0.000000000000E+000
2.960000000000E+000 2.965000000000E+000 2.970000000000E+000 0.000000000000E+000 0.000000000000E+000 0.000000000000E+000 0.000000000000E+000 0.000000000000E+000 0.000000000000E+000
2.970000000000E+000 2.975000000000E+000 2.980000000000E+000 0.000000000000E+000 0.000000000000E+000 0.000000000000E+000 0.000000000000E+000 0.000000000000E+000 0.000000000000E+000
2.980000000000E+000 2.985000000000E+000 2.990000000000E+000 0.000000000000E+000 0.000000000000E+000 0.000000000000E+000 0.000000000000E+000 0.000000000000E+000 0.000000000000E+000

