1 1 1 5.719311185872e-04
1 1 2 4.488287524603e-04
1 1 3 3.686663503773e-04
1 1 4 2.935795004590e-04
1 1 5 2.612160766740e-04
1 1 6 2.343034972408e-04
1 1 7 1.677372967815e-04
1 1 8 1.333986125267e-04
1 1 9 1.076794910856e-04
1 1 10 8.418656689851e-05
1 1 11 6.222951601671e-05
1 1 12 5.436591336197e-05
1 1 13 4.491821147759e-05
1 1 14 3.395762427483e-05
1 1 15 3.496526180054e-05
1 1 16 3.041395440778e-05
1 1 17 2.050177195916e-05
1 1 18 1.611542456107e-05
1 1 19 1.747519377054e-05
1 1 20 1.598207882579e-05
1 2 1 1.110620524243e-03
1 2 2 1.007971394259e-03
1 2 3 8.332489153258e-04
1 2 4 6.845579076880e-04
1 2 5 5.264414604220e-04
1 2 6 4.464478984776e-04
1 2 7 3.406762650070e-04
1 2 8 2.529038213593e-04
1 2 9 2.207128920067e-04
1 2 10 1.936844488910e-04
1 2 11 1.666575269630e-04
1 2 12 1.216176403562e-04
1 2 13 1.100827310646e-04
1 2 14 9.015116847290e-05
1 2 15 7.399231789207e-05
1 2 16 5.510302607839e-05
1 2 17 4.285079639552e-05
1 2 18 3.362576897338e-05
1 2 19 3.467040168331e-05
1 2 20 2.962743587287e-05
1 3 1 1.723359813362e-03
1 3 2 1.467413168429e-03
1 3 3 1.130994213599e-03
1 3 4 1.000941809094e-03
1 3 5 8.355148700620e-04
1 3 6 6.463638039377e-04
1 3 7 5.275053976894e-04
1 3 8 4.359326381768e-04
1 3 9 3.674385545530e-04
1 3 10 3.014976126383e-04
1 3 11 2.500578111306e-04
1 3 12 2.089024844439e-04
1 3 13 1.831071927159e-04
1 3 14 1.554283089397e-04
1 3 15 1.277063451730e-04
1 3 16 1.085185649774e-04
1 3 17 8.704192524120e-05
1 3 18 7.797020317775e-05
1 3 19 6.247609836103e-05
1 3 20 5.304554567682e-05
1 4 1 1.973458276653e-03
1 4 2 1.536298517855e-03
1 4 3 1.360351332004e-03
1 4 4 1.148931089243e-03
1 4 5 8.679209394786e-04
1 4 6 7.468691122748e-04
1 4 7 6.329245957065e-04
1 4 8 5.173312531329e-04
1 4 9 4.058171501635e-04
1 4 10 3.245257959066e-04
1 4 11 2.768386910984e-04
1 4 12 2.472047269780e-04
1 4 13 2.052443925669e-04
1 4 14 1.641476138084e-04
1 4 15 1.410813627865e-04
1 4 16 1.215923016035e-04
1 4 17 1.058903266392e-04
1 4 18 8.802288197246e-05
1 4 19 6.892732473566e-05
1 4 20 6.085683664671e-05
2 1 1 3.025376571635e-04
2 1 2 1.185844502737e-04
2 1 3 1.631557744406e-04
2 1 4 1.597132604800e-04
2 1 5 1.179969028875e-04
2 1 6 1.038873945097e-04
2 1 7 8.977678675288e-05
2 1 8 7.213046105265e-05
2 1 9 5.098770659665e-05
2 1 10 4.093357655240e-05
2 1 11 3.678562475008e-05
2 1 12 1.438353558658e-05
2 1 13 2.871295169469e-05
2 1 14 7.497825202421e-06
2 1 15 1.294420817718e-05
2 1 16 1.583103671874e-05
2 1 17 1.316905134293e-05
2 1 18 7.879517328816e-06
2 1 19 3.491237744690e-06
2 1 20 4.360023990236e-06
2 2 1 7.544771116959e-04
2 2 2 5.781455901451e-04
2 2 3 4.408445785789e-04
2 2 4 2.786104096786e-04
2 2 5 2.651538179520e-04
2 2 6 1.641191327717e-04
2 2 7 1.423480713695e-04
2 2 8 1.536246853710e-04
2 2 9 1.149555424351e-04
2 2 10 8.500165073390e-05
2 2 11 7.394982924034e-05
2 2 12 6.888471719787e-05
2 2 13 4.072736376342e-05
2 2 14 4.054245146198e-05
2 2 15 3.424650813840e-05
2 2 16 2.123943633050e-05
2 2 17 1.960541685951e-05
2 2 18 1.510869236261e-05
2 2 19 1.647008748931e-05
2 2 20 1.637906812942e-05
2 3 1 1.456242838567e-03
2 3 2 1.210883854578e-03
2 3 3 9.154507309368e-04
2 3 4 7.247448323559e-04
2 3 5 5.867885153391e-04
2 3 6 4.267012531849e-04
2 3 7 3.676956620292e-04
2 3 8 2.837915044414e-04
2 3 9 2.687535886968e-04
2 3 10 2.121221488638e-04
2 3 11 1.942910399013e-04
2 3 12 1.629300465005e-04
2 3 13 1.289324269895e-04
2 3 14 1.180087776582e-04
2 3 15 9.862617595320e-05
2 3 16 7.842211126708e-05
2 3 17 6.157349074792e-05
2 3 18 5.232917053560e-05
2 3 19 4.349095371717e-05
2 3 20 2.971972785691e-05
2 4 1 1.742116803428e-03
2 4 2 1.480006712773e-03
2 4 3 1.168335574869e-03
2 4 4 9.756267190702e-04
2 4 5 7.393256250425e-04
2 4 6 5.799954526897e-04
2 4 7 4.819102714922e-04
2 4 8 4.091951694171e-04
2 4 9 3.360759543046e-04
2 4 10 2.780284894405e-04
2 4 11 2.345479678959e-04
2 4 12 1.939814784971e-04
2 4 13 1.735547662731e-04
2 4 14 1.364040902962e-04
2 4 15 1.216706307712e-04
2 4 16 1.015176401984e-04
2 4 17 8.862597483806e-05
2 4 18 7.390518799969e-05
2 4 19 5.929992288008e-05
2 4 20 4.771590274638e-05
3 1 1 8.790350092823e-05
3 1 2 1.822255160985e-04
3 1 3 4.996417830355e-05
3 1 4 4.151865027160e-05
3 1 5 9.182498017321e-05
3 1 6 2.070147642617e-05
3 1 7 3.413969648912e-05
3 1 8 2.324070179750e-05
3 1 9 3.736090832025e-05
3 1 10 2.994595862260e-05
3 1 11 1.654246629816e-05
3 1 12 2.048597743279e-05
3 1 13 1.491683966258e-05
3 1 14 1.030099847117e-05
3 1 15 9.799850559717e-06
3 1 16 1.218467264627e-05
3 1 17 5.002401548582e-06
3 1 18 5.576174240965e-06
3 1 19 4.736293786184e-06
3 1 20 3.457699024967e-06
3 2 1 2.185431977738e-04
3 2 2 2.404970646943e-04
3 2 3 2.171385916528e-04
3 2 4 1.734532832028e-04
3 2 5 1.556191476014e-04
3 2 6 1.063480393684e-04
3 2 7 7.763179299462e-05
3 2 8 9.617217338935e-05
3 2 9 5.355488705611e-05
3 2 10 4.676600842379e-05
3 2 11 5.469921125909e-05
3 2 12 5.466230142203e-05
3 2 13 1.866244609548e-05
3 2 14 2.179169283742e-05
3 2 15 2.745261708948e-05
3 2 16 2.437391878614e-05
3 2 17 2.055302932148e-05
3 2 18 1.176684651077e-05
3 2 19 1.289714388211e-05
3 2 20 6.848511152285e-06
3 3 1 8.614281379979e-04
3 3 2 6.361784844750e-04
3 3 3 3.925552476887e-04
3 3 4 3.663552986168e-04
3 3 5 3.003588246461e-04
3 3 6 2.042990528344e-04
3 3 7 1.696860033660e-04
3 3 8 1.379901255452e-04
3 3 9 1.221167819103e-04
3 3 10 1.119393930682e-04
3 3 11 9.718116266698e-05
3 3 12 8.526334457992e-05
3 3 13 6.867005313304e-05
3 3 14 4.940191240168e-05
3 3 15 4.947999522544e-05
3 3 16 4.421587892986e-05
3 3 17 3.111963825868e-05
3 3 18 2.118796794120e-05
3 3 19 1.480036270508e-05
3 3 20 1.379847816614e-05
3 4 1 1.156624015659e-03
3 4 2 1.059495715362e-03
3 4 3 7.535172885774e-04
3 4 4 6.363096304436e-04
3 4 5 4.635436636127e-04
3 4 6 3.829963736662e-04
3 4 7 3.418252342643e-04
3 4 8 3.062403402502e-04
3 4 9 2.545869744715e-04
3 4 10 2.115053058932e-04
3 4 11 1.885206559891e-04
3 4 12 1.743052441532e-04
3 4 13 1.430966551886e-04
3 4 14 1.141145242601e-04
3 4 15 9.560609305969e-05
3 4 16 8.248359404289e-05
3 4 17 7.162797510568e-05
3 4 18 5.031801456343e-05
3 4 19 3.731352876961e-05
3 4 20 2.436684630849e-05
4 1 1 6.760339196651e-05
4 1 2 7.880438836783e-05
4 1 3 4.896495474671e-05
4 1 4 2.335927745059e-05
4 1 5 7.709437328220e-05
4 1 6 1.255347651558e-05
4 1 7 3.648687918319e-05
4 1 8 7.431361233038e-06
4 1 9 9.798368957056e-06
4 1 10 1.318645250405e-05
4 1 11 9.743125145542e-06
4 1 12 6.336970739401e-06
4 1 13 2.608732818352e-06
4 1 14 1.129161303301e-07
4 1 15 -1.898826199350e-06
4 1 16 -5.278269374343e-07
4 1 17 -5.061078957558e-06
4 1 18 3.545418579199e-06
4 1 19 3.161190106858e-06
4 1 20 3.764764956273e-06
4 2 1 1.490080066702e-04
4 2 2 9.801915217562e-05
4 2 3 4.022270404894e-05
4 2 4 1.254884787510e-04
4 2 5 8.422848783246e-05
4 2 6 5.868819642467e-05
4 2 7 4.155461427028e-05
4 2 8 5.120975791640e-05
4 2 9 4.492093989730e-05
4 2 10 3.125924274783e-05
4 2 11 2.297951067269e-05
4 2 12 2.485594981350e-05
4 2 13 1.192196479655e-05
4 2 14 1.239028593406e-05
4 2 15 5.275602571068e-06
4 2 16 6.964028236153e-06
4 2 17 8.643924348215e-06
4 2 18 6.821720446102e-06
4 2 19 8.684053886260e-06
4 2 20 7.956359591996e-06
4 3 1 2.520646719738e-04
4 3 2 2.220552237434e-04
4 3 3 1.869954087181e-04
4 3 4 1.571190585763e-04
4 3 5 1.152773302163e-04
4 3 6 7.749683574715e-05
4 3 7 6.610091343730e-05
4 3 8 6.575027372869e-05
4 3 9 6.010478100234e-05
4 3 10 5.792235421822e-05
4 3 11 4.107114193961e-05
4 3 12 3.087392179518e-05
4 3 13 3.683698640358e-05
4 3 14 2.885346231563e-05
4 3 15 2.094528568172e-05
4 3 16 1.680442970863e-05
4 3 17 6.512108037720e-06
4 3 18 6.048633091724e-06
4 3 19 8.679605557150e-06
4 3 20 7.752315203292e-06
4 4 1 8.682497882464e-04
4 4 2 5.189036068059e-04
4 4 3 5.274913198428e-04
4 4 4 3.766434156737e-04
4 4 5 2.907282585644e-04
4 4 6 2.404568542661e-04
4 4 7 2.274663122099e-04
4 4 8 1.898471810405e-04
4 4 9 1.394488371496e-04
4 4 10 1.184647742730e-04
4 4 11 1.078931396192e-04
4 4 12 9.572610000289e-05
4 4 13 7.981494556490e-05
4 4 14 7.845423426952e-05
4 4 15 5.587395564253e-05
4 4 16 4.434341589070e-05
4 4 17 3.332235821148e-05
4 4 18 2.269747227082e-05
4 4 19 1.656620386977e-05
4 4 20 1.506921644583e-05
5 1 1 2.094455693428e-07
5 1 2 7.807739752161e-05
5 1 3 5.849870331312e-05
5 1 4 5.240125597704e-05
5 1 5 3.569132599091e-05
5 1 6 3.641007461663e-05
5 1 7 2.140235659259e-05
5 1 8 6.046610050900e-06
5 1 9 2.296128717008e-05
5 1 10 1.033264410654e-05
5 1 11 6.240666586721e-06
5 1 12 1.513111351019e-05
5 1 13 7.611852819423e-06
5 1 14 4.336273800604e-07
5 1 15 2.527220779240e-06
5 1 16 2.220221013955e-06
5 1 17 -2.988908613268e-08
5 1 18 -1.704604411654e-06
5 1 19 6.360207644421e-07
5 1 20 9.124042845099e-07
5 2 1 1.613776800879e-05
5 2 2 8.974209806980e-05
5 2 3 8.604403286473e-05
5 2 4 4.162600642543e-05
5 2 5 6.022114195905e-06
5 2 6 3.758987437306e-05
5 2 7 3.507628209207e-05
5 2 8 4.983419137566e-05
5 2 9 1.409424637903e-05
5 2 10 2.852281125491e-05
5 2 11 1.224420116036e-05
5 2 12 1.886447757275e-05
5 2 13 1.035752970245e-05
5 2 14 6.122481670977e-06
5 2 15 4.361296790761e-06
5 2 16 3.229362006669e-06
5 2 17 -9.128701267934e-07
5 2 18 -8.953421499060e-07
5 2 19 3.975557119549e-06
5 2 20 8.342669791233e-07
5 3 1 9.833106467142e-05
5 3 2 1.067943732169e-04
5 3 3 2.197038457975e-05
5 3 4 5.760293726905e-05
5 3 5 7.208397665180e-05
5 3 6 1.400160650180e-05
5 3 7 2.588493433124e-05
5 3 8 1.418791482469e-05
5 3 9 2.074806520768e-05
5 3 10 1.230799271784e-05
5 3 11 2.818462134419e-05
5 3 12 4.106683017191e-05
5 3 13 3.468875415074e-05
5 3 14 1.852278133855e-05
5 3 15 2.132507884407e-05
5 3 16 1.219471809110e-05
5 3 17 5.792345892472e-06
5 3 18 2.083270612597e-06
5 3 19 4.251823258937e-06
5 3 20 4.687481190632e-06
5 4 1 2.144873599346e-04
5 4 2 1.580734385722e-04
5 4 3 2.003190716972e-04
5 4 4 1.427891471108e-04
5 4 5 8.821716359710e-05
5 4 6 1.258416616147e-04
5 4 7 1.177452992278e-04
5 4 8 8.100273655008e-05
5 4 9 6.355798449707e-05
5 4 10 6.125675313190e-05
5 4 11 5.790688765964e-05
5 4 12 5.003440278638e-05
5 4 13 4.702744563382e-05
5 4 14 4.101082143345e-05
5 4 15 2.612673513172e-05
5 4 16 2.333876714855e-05
5 4 17 1.108324701939e-05
5 4 18 1.114749732849e-05
5 4 19 5.386414765640e-06
5 4 20 7.385381385085e-06
6 1 1 3.941070988041e-05
6 1 2 6.395983085202e-05
6 1 3 4.527069360229e-05
6 1 4 5.356838866772e-05
6 1 5 -2.019042051520e-05
6 1 6 1.104382662210e-05
6 1 7 -5.186222197067e-06
6 1 8 2.187643987713e-06
6 1 9 6.973592015126e-06
6 1 10 6.557484809276e-06
6 1 11 4.223569708042e-06
6 1 12 8.619487889256e-06
6 1 13 7.334786063267e-06
6 1 14 4.124405882744e-06
6 1 15 1.823877159770e-06
6 1 16 2.808711591186e-06
6 1 17 3.005158904466e-06
6 1 18 1.319627325218e-06
6 1 19 -1.991190972904e-06
6 1 20 -1.024039854530e-06
6 2 1 1.078827827029e-04
6 2 2 3.734717852243e-05
6 2 3 3.952681819311e-05
6 2 4 -2.443155986596e-05
6 2 5 6.325352901906e-06
6 2 6 5.153617361027e-05
6 2 7 4.082765017003e-05
6 2 8 -3.252931109260e-07
6 2 9 2.111423346259e-05
6 2 10 1.025806312231e-05
6 2 11 -3.651544476053e-06
6 2 12 5.710894306408e-06
6 2 13 2.609249220647e-06
6 2 14 -4.678730965977e-07
6 2 15 6.161757609956e-06
6 2 16 -8.553973001434e-07
6 2 17 -2.563584525237e-06
6 2 18 -1.750313954383e-06
6 2 19 3.067265350405e-06
6 2 20 1.015885351215e-06
6 3 1 1.457882868577e-04
6 3 2 3.174317616789e-05
6 3 3 2.320202231732e-05
6 3 4 2.426831069073e-05
6 3 5 4.206036554680e-05
6 3 6 6.415277498993e-05
6 3 7 -5.916960571201e-06
6 3 8 -4.983443426252e-06
6 3 9 3.134157735882e-06
6 3 10 1.168953479447e-05
6 3 11 8.043109790388e-06
6 3 12 1.948361611041e-05
6 3 13 1.952321314273e-05
6 3 14 1.875390234026e-05
6 3 15 8.282366405004e-06
6 3 16 2.512394557728e-06
6 3 17 4.890705517306e-06
6 3 18 1.288941102769e-06
6 3 19 1.650082927852e-06
6 3 20 4.525244674881e-07
6 4 1 6.580176719975e-05
6 4 2 3.300654605897e-05
6 4 3 5.598388739466e-05
6 4 4 1.142836832800e-04
6 4 5 8.444951484877e-05
6 4 6 9.116363379925e-05
6 4 7 4.462719562327e-05
6 4 8 2.597874025984e-05
6 4 9 1.636894820188e-05
6 4 10 2.472249229135e-05
6 4 11 2.479210183035e-05
6 4 12 3.031999831730e-05
6 4 13 3.200810744289e-05
6 4 14 2.526355232171e-05
6 4 15 1.022391987312e-05
6 4 16 1.182947862480e-05
6 4 17 1.029397927485e-05
6 4 18 3.168608490039e-06
6 4 19 4.635780251196e-06
6 4 20 2.850536338511e-06
